i t_now roll pitch yaw Tx Ty Tz T1 T2 T3 psi_1 psi_2 psi_3 Tpx Tpy Tix Tiy Tdx Tdy error_x error_y 
1 0.005591869354248047 0.20325245708227158 0.1643276959657669 1.0490511506795883 0 0 0 0.0 0.0 0.0 6334.0 949.0 -970.0 0 0 0 0 0 0 0 0 0 
2 0.010632991790771484 0.20325245708227158 0.1643276959657669 1.0490511506795883 0 0 0 0.0 0.0 0.0 6334.0 949.0 -970.0 0 0 0 0 0 0 0 0 0 
3 0.015554666519165039 0.20325245708227158 0.1643276959657669 1.0490511506795883 0 0 0 0.0 0.0 0.0 6334.0 949.0 -970.0 0 0 0 0 0 0 0 0 0 
4 0.020522356033325195 0.20325245708227158 0.1643276959657669 1.0490511506795883 0 0 0 0.0 0.0 0.0 6334.0 949.0 -970.0 0 0 0 0 0 0 0 0 0 
5 0.025664329528808594 0.20325245708227158 0.1643276959657669 1.0490511506795883 0 0 0 0.0 0.0 0.0 6334.0 949.0 -970.0 0 0 0 0 0 0 0 0 0 
6 0.030538082122802734 0.20325245708227158 0.1643276959657669 1.0490511506795883 0 0 0 0.0 0.0 0.0 6334.0 949.0 -970.0 0 0 0 0 0 0 0 0 0 
7 0.03556466102600098 0.20325245708227158 0.1643276959657669 1.0490511506795883 0 0 0 0.0 0.0 0.0 6334.0 949.0 -970.0 0 0 0 0 0 0 0 0 0 
8 0.04144787788391113 0.20325245708227158 0.1643276959657669 1.0490511506795883 0 0 0 0.0 0.0 0.0 6334.0 949.0 -970.0 0 0 0 0 0 0 0 0 0 
9 0.04820537567138672 0.20325245708227158 0.1643276959657669 1.0490511506795883 0 0 0 0.0 0.0 0.0 6334.0 949.0 -970.0 0 0 0 0 0 0 0 0 0 
10 0.05053997039794922 0.20325245708227158 0.1643276959657669 1.0490511506795883 0 0 0 0.0 0.0 0.0 6334.0 949.0 -970.0 0 0 0 0 0 0 0 0 0 
11 0.06568431854248047 0.20325245708227158 0.1643276959657669 1.0490511506795883 0 0 0 0.0 0.0 0.0 6334.0 949.0 -970.0 0 0 0 0 0 0 0 0 0 
12 0.06811094284057617 0.20325245708227158 0.1643276959657669 1.0490511506795883 0 0 0 0.0 0.0 0.0 6334.0 949.0 -970.0 0 0 0 0 0 0 0 0 0 
13 0.07607769966125488 0.20325245708227158 0.1643276959657669 1.0490511506795883 0 0 0 0.0 0.0 0.0 6334.0 949.0 -970.0 0 0 0 0 0 0 0 0 0 
14 0.07913637161254883 0.20325245708227158 0.1643276959657669 1.0490511506795883 0 0 0 0.0 0.0 0.0 6334.0 949.0 -970.0 0 0 0 0 0 0 0 0 0 
15 0.08669018745422363 0.20325245708227158 0.1643276959657669 1.0490511506795883 0 0 0 0.0 0.0 0.0 6334.0 949.0 -970.0 0 0 0 0 0 0 0 0 0 
16 0.09219980239868164 0.20325245708227158 0.1643276959657669 1.0490511506795883 0 0 0 0.0 0.0 0.0 6334.0 949.0 -970.0 0 0 0 0 0 0 0 0 0 
17 0.09562969207763672 0.20325245708227158 0.1643276959657669 1.0490511506795883 0 0 0 0.0 0.0 0.0 6334.0 949.0 -970.0 0 0 0 0 0 0 0 0 0 
18 0.0986318588256836 0.20325245708227158 0.1643276959657669 1.0490511506795883 0 0 0 0.0 0.0 0.0 6334.0 949.0 -970.0 0 0 0 0 0 0 0 0 0 
19 0.10865545272827148 0.20325245708227158 0.1643276959657669 1.0490511506795883 0 0 0 0.0 0.0 0.0 6334.0 949.0 -970.0 0 0 0 0 0 0 0 0 0 
20 0.1131443977355957 0.20325245708227158 0.1643276959657669 1.0490511506795883 0 0 0 0.0 0.0 0.0 6334.0 949.0 -970.0 0 0 0 0 0 0 0 0 0 
21 0.11528897285461426 0.20325245708227158 0.1643276959657669 1.0490511506795883 0 0 0 0.0 0.0 0.0 6334.0 949.0 -970.0 0 0 0 0 0 0 0 0 0 
22 0.11724042892456055 0.20325245708227158 0.1643276959657669 1.0490511506795883 0 0 0 0.0 0.0 0.0 6334.0 949.0 -970.0 0 0 0 0 0 0 0 0 0 
23 0.12091231346130371 0.20325245708227158 0.1643276959657669 1.0490511506795883 0 0 0 0.0 0.0 0.0 6334.0 949.0 -970.0 0 0 0 0 0 0 0 0 0 
24 0.12851500511169434 0.20325245708227158 0.1643276959657669 1.0490511506795883 0 0 0 0.0 0.0 0.0 6334.0 949.0 -970.0 0 0 0 0 0 0 0 0 0 
25 0.13394427299499512 0.20325245708227158 0.1643276959657669 1.0490511506795883 0 0 0 0.0 0.0 0.0 6334.0 949.0 -970.0 0 0 0 0 0 0 0 0 0 
26 0.1355571746826172 0.20325245708227158 0.1643276959657669 1.0490511506795883 0 0 0 0.0 0.0 0.0 6334.0 949.0 -970.0 0 0 0 0 0 0 0 0 0 
27 0.13759732246398926 0.20325245708227158 0.1643276959657669 1.0490511506795883 0 0 0 0.0 0.0 0.0 6334.0 949.0 -970.0 0 0 0 0 0 0 0 0 0 
28 0.14211773872375488 0.20325245708227158 0.1643276959657669 1.0490511506795883 0 0 0 0.0 0.0 0.0 6334.0 949.0 -970.0 0 0 0 0 0 0 0 0 0 
29 0.1454601287841797 0.20325245708227158 0.1643276959657669 1.0490511506795883 0 0 0 0.0 0.0 0.0 6334.0 949.0 -970.0 0 0 0 0 0 0 0 0 0 
30 0.15373539924621582 0.20325245708227158 0.1643276959657669 1.0490511506795883 0 0 0 0.0 0.0 0.0 6334.0 949.0 -970.0 0 0 0 0 0 0 0 0 0 
31 0.15931463241577148 0.20325245708227158 0.1643276959657669 1.0490511506795883 0 0 0 0.0 0.0 0.0 6334.0 949.0 -970.0 0 0 0 0 0 0 0 0 0 
32 0.1610724925994873 0.20325245708227158 0.1643276959657669 1.0490511506795883 0 0 0 0.0 0.0 0.0 6334.0 949.0 -970.0 0 0 0 0 0 0 0 0 0 
33 0.16892123222351074 0.20325245708227158 0.1643276959657669 1.0490511506795883 0 0 0 0.0 0.0 0.0 6334.0 949.0 -970.0 0 0 0 0 0 0 0 0 0 
34 0.1742839813232422 0.20325245708227158 0.1643276959657669 1.0490511506795883 0 0 0 0.0 0.0 0.0 6334.0 949.0 -970.0 0 0 0 0 0 0 0 0 0 
35 0.17974448204040527 0.20325245708227158 0.1643276959657669 1.0490511506795883 0 0 0 0.0 0.0 0.0 6334.0 949.0 -970.0 0 0 0 0 0 0 0 0 0 
36 0.1810925006866455 0.20325245708227158 0.1643276959657669 1.0490511506795883 0 0 0 0.0 0.0 0.0 6334.0 949.0 -970.0 0 0 0 0 0 0 0 0 0 
37 0.1854240894317627 0.20325245708227158 0.1643276959657669 1.0490511506795883 0 0 0 0.0 0.0 0.0 6334.0 949.0 -970.0 0 0 0 0 0 0 0 0 0 
38 0.19042038917541504 0.20325245708227158 0.1643276959657669 1.0490511506795883 0 0 0 0.0 0.0 0.0 6334.0 949.0 -970.0 0 0 0 0 0 0 0 0 0 
39 0.19541573524475098 0.20325245708227158 0.1643276959657669 1.0490511506795883 0 0 0 0.0 0.0 0.0 6334.0 949.0 -970.0 0 0 0 0 0 0 0 0 0 
40 0.20046281814575195 0.20325245708227158 0.1643276959657669 1.0490511506795883 0 0 0 0.0 0.0 0.0 6334.0 949.0 -970.0 0 0 0 0 0 0 0 0 0 
41 0.20545053482055664 0.20325245708227158 0.1643276959657669 1.0490511506795883 0 0 0 0.0 0.0 0.0 6334.0 949.0 -970.0 0 0 0 0 0 0 0 0 0 
42 0.21152639389038086 0.20325245708227158 0.1643276959657669 1.0490511506795883 0 0 0 0.0 0.0 0.0 6334.0 949.0 -970.0 0 0 0 0 0 0 0 0 0 
43 0.2154378890991211 0.20325245708227158 0.1643276959657669 1.0490511506795883 0 0 0 0.0 0.0 0.0 6334.0 949.0 -970.0 0 0 0 0 0 0 0 0 0 
44 0.2204601764678955 0.20325245708227158 0.1643276959657669 1.0490511506795883 0 0 0 0.0 0.0 0.0 6334.0 949.0 -970.0 0 0 0 0 0 0 0 0 0 
45 0.22543001174926758 0.20325245708227158 0.1643276959657669 1.0490511506795883 0 0 0 0.0 0.0 0.0 6334.0 949.0 -970.0 0 0 0 0 0 0 0 0 0 
46 0.23043513298034668 0.20325245708227158 0.1643276959657669 1.0490511506795883 0 0 0 0.0 0.0 0.0 6334.0 949.0 -970.0 0 0 0 0 0 0 0 0 0 
47 0.2354114055633545 0.20325245708227158 0.1643276959657669 1.0490511506795883 0 0 0 0.0 0.0 0.0 6334.0 949.0 -970.0 0 0 0 0 0 0 0 0 0 
48 0.2404179573059082 0.20325245708227158 0.1643276959657669 1.0490511506795883 0 0 0 0.0 0.0 0.0 6334.0 949.0 -970.0 0 0 0 0 0 0 0 0 0 
49 0.24541425704956055 0.20325245708227158 0.1643276959657669 1.0490511506795883 0 0 0 0.0 0.0 0.0 6334.0 949.0 -970.0 0 0 0 0 0 0 0 0 0 
50 0.25174736976623535 0.20325245708227158 0.1643276959657669 1.0490511506795883 0 0 0 0.0 0.0 0.0 6334.0 949.0 -970.0 0 0 0 0 0 0 0 0 0 
51 0.25548887252807617 0.20325245708227158 0.1643276959657669 1.0490511506795883 0 0 0 0.0 0.0 0.0 6334.0 949.0 -970.0 0 0 0 0 0 0 0 0 0 
52 0.26047277450561523 0.20325245708227158 0.1643276959657669 1.0490511506795883 0 0 0 0.0 0.0 0.0 6334.0 949.0 -970.0 0 0 0 0 0 0 0 0 0 
53 0.26543426513671875 0.20325245708227158 0.1643276959657669 1.0490511506795883 0 0 0 0.0 0.0 0.0 6334.0 949.0 -970.0 0 0 0 0 0 0 0 0 0 
54 0.2705841064453125 0.20325245708227158 0.1643276959657669 1.0490511506795883 0 0 0 0.0 0.0 0.0 6334.0 949.0 -970.0 0 0 0 0 0 0 0 0 0 
55 0.2754061222076416 0.20325245708227158 0.1643276959657669 1.0490511506795883 0 0 0 0.0 0.0 0.0 6334.0 949.0 -970.0 0 0 0 0 0 0 0 0 0 
56 0.28040432929992676 0.20325245708227158 0.1643276959657669 1.0490511506795883 0 0 0 0.0 0.0 0.0 6334.0 949.0 -970.0 0 0 0 0 0 0 0 0 0 
57 0.2853734493255615 0.20325245708227158 0.1643276959657669 1.0490511506795883 0 0 0 0.0 0.0 0.0 6334.0 949.0 -970.0 0 0 0 0 0 0 0 0 0 
58 0.2904019355773926 0.20325245708227158 0.1643276959657669 1.0490511506795883 0 0 0 0.0 0.0 0.0 6334.0 949.0 -970.0 0 0 0 0 0 0 0 0 0 
59 0.2953765392303467 0.20325245708227158 0.1643276959657669 1.0490511506795883 0 0 0 0.0 0.0 0.0 6334.0 949.0 -970.0 0 0 0 0 0 0 0 0 0 
60 0.30040931701660156 0.20325245708227158 0.1643276959657669 1.0490511506795883 0 0 0 0.0 0.0 0.0 6334.0 949.0 -970.0 0 0 0 0 0 0 0 0 0 
61 0.30541396141052246 0.20325245708227158 0.1643276959657669 1.0490511506795883 0 0 0 0.0 0.0 0.0 6334.0 949.0 -970.0 0 0 0 0 0 0 0 0 0 
62 0.3104233741760254 0.20325245708227158 0.1643276959657669 1.0490511506795883 0 0 0 0.0 0.0 0.0 6334.0 949.0 -970.0 0 0 0 0 0 0 0 0 0 
63 0.3154125213623047 0.20325245708227158 0.1643276959657669 1.0490511506795883 0 0 0 0.0 0.0 0.0 6334.0 949.0 -970.0 0 0 0 0 0 0 0 0 0 
64 0.3250854015350342 0.20325245708227158 0.1643276959657669 1.0490511506795883 0 0 0 0.0 0.0 0.0 6334.0 949.0 -970.0 0 0 0 0 0 0 0 0 0 
65 0.3268086910247803 0.20325245708227158 0.1643276959657669 1.0490511506795883 0 0 0 0.0 0.0 0.0 6334.0 949.0 -970.0 0 0 0 0 0 0 0 0 0 
66 0.33045005798339844 0.20325245708227158 0.1643276959657669 1.0490511506795883 0 0 0 0.0 0.0 0.0 6334.0 949.0 -970.0 0 0 0 0 0 0 0 0 0 
67 0.3354320526123047 0.20325245708227158 0.1643276959657669 1.0490511506795883 0 0 0 0.0 0.0 0.0 6334.0 949.0 -970.0 0 0 0 0 0 0 0 0 0 
68 0.34041929244995117 0.20325245708227158 0.1643276959657669 1.0490511506795883 0 0 0 0.0 0.0 0.0 6334.0 949.0 -970.0 0 0 0 0 0 0 0 0 0 
69 0.3454148769378662 0.20325245708227158 0.1643276959657669 1.0490511506795883 0 0 0 0.0 0.0 0.0 6334.0 949.0 -970.0 0 0 0 0 0 0 0 0 0 
70 0.3504316806793213 0.20325245708227158 0.1643276959657669 1.0490511506795883 0 0 0 0.0 0.0 0.0 6334.0 949.0 -970.0 0 0 0 0 0 0 0 0 0 
71 0.3554258346557617 0.20325245708227158 0.1643276959657669 1.0490511506795883 0 0 0 0.0 0.0 0.0 6334.0 949.0 -970.0 0 0 0 0 0 0 0 0 0 
72 0.3604316711425781 0.20325245708227158 0.1643276959657669 1.0490511506795883 0 0 0 0.0 0.0 0.0 6334.0 949.0 -970.0 0 0 0 0 0 0 0 0 0 
73 0.3654305934906006 0.20325245708227158 0.1643276959657669 1.0490511506795883 0 0 0 0.0 0.0 0.0 6334.0 949.0 -970.0 0 0 0 0 0 0 0 0 0 
74 0.37042832374572754 0.20325245708227158 0.1643276959657669 1.0490511506795883 0 0 0 0.0 0.0 0.0 6334.0 949.0 -970.0 0 0 0 0 0 0 0 0 0 
75 0.3754239082336426 0.20325245708227158 0.1643276959657669 1.0490511506795883 0 0 0 0.0 0.0 0.0 6334.0 949.0 -970.0 0 0 0 0 0 0 0 0 0 
76 0.38042354583740234 0.20325245708227158 0.1643276959657669 1.0490511506795883 0 0 0 0.0 0.0 0.0 6334.0 949.0 -970.0 0 0 0 0 0 0 0 0 0 
77 0.38541674613952637 0.20325245708227158 0.1643276959657669 1.0490511506795883 0 0 0 0.0 0.0 0.0 6334.0 949.0 -970.0 0 0 0 0 0 0 0 0 0 
78 0.390427827835083 0.20325245708227158 0.1643276959657669 1.0490511506795883 0 0 0 0.0 0.0 0.0 6334.0 949.0 -970.0 0 0 0 0 0 0 0 0 0 
79 0.3954288959503174 0.20325245708227158 0.1643276959657669 1.0490511506795883 0 0 0 0.0 0.0 0.0 6334.0 949.0 -970.0 0 0 0 0 0 0 0 0 0 
80 0.40043115615844727 0.20325245708227158 0.1643276959657669 1.0490511506795883 0 0 0 0.0 0.0 0.0 6334.0 949.0 -970.0 0 0 0 0 0 0 0 0 0 
81 0.4054291248321533 0.20325245708227158 0.1643276959657669 1.0490511506795883 0 0 0 0.0 0.0 0.0 6334.0 949.0 -970.0 0 0 0 0 0 0 0 0 0 
82 0.4106297492980957 0.20325245708227158 0.1643276959657669 1.0490511506795883 0 0 0 0.0 0.0 0.0 6334.0 949.0 -970.0 0 0 0 0 0 0 0 0 0 
83 0.4154231548309326 0.20325245708227158 0.1643276959657669 1.0490511506795883 0 0 0 0.0 0.0 0.0 6334.0 949.0 -970.0 0 0 0 0 0 0 0 0 0 
84 0.4204223155975342 0.20325245708227158 0.1643276959657669 1.0490511506795883 0 0 0 0.0 0.0 0.0 6334.0 949.0 -970.0 0 0 0 0 0 0 0 0 0 
85 0.42551422119140625 0.20325245708227158 0.1643276959657669 1.0490511506795883 0 0 0 0.0 0.0 0.0 6334.0 949.0 -970.0 0 0 0 0 0 0 0 0 0 
86 0.43042421340942383 0.20325245708227158 0.1643276959657669 1.0490511506795883 0 0 0 0.0 0.0 0.0 6334.0 949.0 -970.0 0 0 0 0 0 0 0 0 0 
87 0.435427188873291 0.20325245708227158 0.1643276959657669 1.0490511506795883 0 0 0 0.0 0.0 0.0 6334.0 949.0 -970.0 0 0 0 0 0 0 0 0 0 
88 0.44044065475463867 0.20325245708227158 0.1643276959657669 1.0490511506795883 0 0 0 0.0 0.0 0.0 6334.0 949.0 -970.0 0 0 0 0 0 0 0 0 0 
89 0.44542884826660156 0.20325245708227158 0.1643276959657669 1.0490511506795883 0 0 0 0.0 0.0 0.0 6334.0 949.0 -970.0 0 0 0 0 0 0 0 0 0 
90 0.45141100883483887 0.20325245708227158 0.1643276959657669 1.0490511506795883 0 0 0 0.0 0.0 0.0 6334.0 949.0 -970.0 0 0 0 0 0 0 0 0 0 
91 0.47157764434814453 0.20325245708227158 0.1643276959657669 1.0490511506795883 0 0 0 0.0 0.0 0.0 6334.0 949.0 -970.0 0 0 0 0 0 0 0 0 0 
92 0.4731924533843994 0.20325245708227158 0.1643276959657669 1.0490511506795883 0 0 0 0.0 0.0 0.0 6334.0 949.0 -970.0 0 0 0 0 0 0 0 0 0 
93 0.4781525135040283 0.20325245708227158 0.1643276959657669 1.0490511506795883 0 0 0 0.0 0.0 0.0 6334.0 949.0 -970.0 0 0 0 0 0 0 0 0 0 
94 0.491605281829834 0.20325245708227158 0.1643276959657669 1.0490511506795883 0 0 0 0.0 0.0 0.0 6334.0 949.0 -970.0 0 0 0 0 0 0 0 0 0 
95 0.5007016658782959 0.20325245708227158 0.1643276959657669 1.0490511506795883 0 0 0 0.0 0.0 0.0 6334.0 949.0 -970.0 0 0 0 0 0 0 0 0 0 
96 0.5040843486785889 0.20325245708227158 0.1643276959657669 1.0490511506795883 0 0 0 0.0 0.0 0.0 6334.0 949.0 -970.0 0 0 0 0 0 0 0 0 0 
97 0.5060362815856934 0.20325245708227158 0.1643276959657669 1.0490511506795883 0 0 0 0.0 0.0 0.0 6334.0 949.0 -970.0 0 0 0 0 0 0 0 0 0 
98 0.5139293670654297 0.20325245708227158 0.1643276959657669 1.0490511506795883 0 0 0 0.0 0.0 0.0 6334.0 949.0 -970.0 0 0 0 0 0 0 0 0 0 
99 0.5151021480560303 0.20325245708227158 0.1643276959657669 1.0490511506795883 0 0 0 0.0 0.0 0.0 6334.0 949.0 -970.0 0 0 0 0 0 0 0 0 0 
100 0.5231382846832275 0.20325245708227158 0.1643276959657669 1.0490511506795883 0 0 0 0.0 0.0 0.0 6334.0 949.0 -970.0 0 0 0 0 0 0 0 0 0 
101 0.5318806171417236 0.20325245708227158 0.1643276959657669 1.0490511506795883 0 0 0 0.0 0.0 0.0 6334.0 949.0 -970.0 0 0 0 0 0 0 0 0 0 
102 0.5432553291320801 0.20325245708227158 0.1643276959657669 1.0490511506795883 0 0 0 0.0 0.0 0.0 6334.0 949.0 -970.0 0 0 0 0 0 0 0 0 0 
103 0.5444812774658203 0.20325245708227158 0.1643276959657669 1.0490511506795883 0 0 0 0.0 0.0 0.0 6334.0 949.0 -970.0 0 0 0 0 0 0 0 0 0 
104 0.5458564758300781 0.20325245708227158 0.1643276959657669 1.0490511506795883 0 0 0 0.0 0.0 0.0 6334.0 949.0 -970.0 0 0 0 0 0 0 0 0 0 
105 0.55013108253479 0.20325245708227158 0.1643276959657669 1.0490511506795883 0 0 0 0.0 0.0 0.0 6334.0 949.0 -970.0 0 0 0 0 0 0 0 0 0 
106 0.5539031028747559 0.20325245708227158 0.1643276959657669 1.0490511506795883 0 0 0 0.0 0.0 0.0 6334.0 949.0 -970.0 0 0 0 0 0 0 0 0 0 
107 0.5590784549713135 0.20325245708227158 0.1643276959657669 1.0490511506795883 0 0 0 0.0 0.0 0.0 6334.0 949.0 -970.0 0 0 0 0 0 0 0 0 0 
108 0.5633878707885742 0.20325245708227158 0.1643276959657669 1.0490511506795883 0 0 0 0.0 0.0 0.0 6334.0 949.0 -970.0 0 0 0 0 0 0 0 0 0 
109 0.5647730827331543 0.20325245708227158 0.1643276959657669 1.0490511506795883 0 0 0 0.0 0.0 0.0 6334.0 949.0 -970.0 0 0 0 0 0 0 0 0 0 
110 0.5661044120788574 0.20325245708227158 0.1643276959657669 1.0490511506795883 0 0 0 0.0 0.0 0.0 6334.0 949.0 -970.0 0 0 0 0 0 0 0 0 0 
111 0.5677597522735596 0.20325245708227158 0.1643276959657669 1.0490511506795883 0 0 0 0.0 0.0 0.0 6334.0 949.0 -970.0 0 0 0 0 0 0 0 0 0 
112 0.5689799785614014 0.20325245708227158 0.1643276959657669 1.0490511506795883 0 0 0 0.0 0.0 0.0 6334.0 949.0 -970.0 0 0 0 0 0 0 0 0 0 
113 0.5702717304229736 0.20325245708227158 0.1643276959657669 1.0490511506795883 0 0 0 0.0 0.0 0.0 6334.0 949.0 -970.0 0 0 0 0 0 0 0 0 0 
114 0.5755207538604736 0.20325245708227158 0.1643276959657669 1.0490511506795883 0 0 0 0.0 0.0 0.0 6334.0 949.0 -970.0 0 0 0 0 0 0 0 0 0 
115 0.5791268348693848 0.20325245708227158 0.1643276959657669 1.0490511506795883 0 0 0 0.0 0.0 0.0 6334.0 949.0 -970.0 0 0 0 0 0 0 0 0 0 
116 0.5804970264434814 0.20325245708227158 0.1643276959657669 1.0490511506795883 0 0 0 0.0 0.0 0.0 6334.0 949.0 -970.0 0 0 0 0 0 0 0 0 0 
117 0.5854694843292236 0.20325245708227158 0.1643276959657669 1.0490511506795883 0 0 0 0.0 0.0 0.0 6334.0 949.0 -970.0 0 0 0 0 0 0 0 0 0 
118 0.5904297828674316 0.20325245708227158 0.1643276959657669 1.0490511506795883 0 0 0 0.0 0.0 0.0 6334.0 949.0 -970.0 0 0 0 0 0 0 0 0 0 
119 0.6002311706542969 0.20325245708227158 0.1643276959657669 1.0490511506795883 0 0 0 0.0 0.0 0.0 6334.0 949.0 -970.0 0 0 0 0 0 0 0 0 0 
120 0.6056931018829346 0.20325245708227158 0.1643276959657669 1.0490511506795883 0 0 0 0.0 0.0 0.0 6334.0 949.0 -970.0 0 0 0 0 0 0 0 0 0 
121 0.6083102226257324 0.20325245708227158 0.1643276959657669 1.0490511506795883 0 0 0 0.0 0.0 0.0 6334.0 949.0 -970.0 0 0 0 0 0 0 0 0 0 
122 0.6104385852813721 0.20325245708227158 0.1643276959657669 1.0490511506795883 0 0 0 0.0 0.0 0.0 6334.0 949.0 -970.0 0 0 0 0 0 0 0 0 0 
123 0.6154942512512207 0.20325245708227158 0.1643276959657669 1.0490511506795883 0 0 0 0.0 0.0 0.0 6334.0 949.0 -970.0 0 0 0 0 0 0 0 0 0 
124 0.6204357147216797 0.20325245708227158 0.1643276959657669 1.0490511506795883 0 0 0 0.0 0.0 0.0 6334.0 949.0 -970.0 0 0 0 0 0 0 0 0 0 
125 0.6254346370697021 0.20325245708227158 0.1643276959657669 1.0490511506795883 0 0 0 0.0 0.0 0.0 6334.0 949.0 -970.0 0 0 0 0 0 0 0 0 0 
126 0.6304447650909424 0.20325245708227158 0.1643276959657669 1.0490511506795883 0 0 0 0.0 0.0 0.0 6334.0 949.0 -970.0 0 0 0 0 0 0 0 0 0 
127 0.6355071067810059 0.20325245708227158 0.1643276959657669 1.0490511506795883 0 0 0 0.0 0.0 0.0 6334.0 949.0 -970.0 0 0 0 0 0 0 0 0 0 
128 0.6404821872711182 0.20325245708227158 0.1643276959657669 1.0490511506795883 0 0 0 0.0 0.0 0.0 6334.0 949.0 -970.0 0 0 0 0 0 0 0 0 0 
129 0.6454923152923584 0.20325245708227158 0.1643276959657669 1.0490511506795883 0 0 0 0.0 0.0 0.0 6334.0 949.0 -970.0 0 0 0 0 0 0 0 0 0 
130 0.6505322456359863 0.20325245708227158 0.1643276959657669 1.0490511506795883 0 0 0 0.0 0.0 0.0 6334.0 949.0 -970.0 0 0 0 0 0 0 0 0 0 
131 0.6557536125183105 0.20325245708227158 0.1643276959657669 1.0490511506795883 0 0 0 0.0 0.0 0.0 6334.0 949.0 -970.0 0 0 0 0 0 0 0 0 0 
132 0.6604824066162109 0.20325245708227158 0.1643276959657669 1.0490511506795883 0 0 0 0.0 0.0 0.0 6334.0 949.0 -970.0 0 0 0 0 0 0 0 0 0 
133 0.6656270027160645 0.20325245708227158 0.1643276959657669 1.0490511506795883 0 0 0 0.0 0.0 0.0 6334.0 949.0 -970.0 0 0 0 0 0 0 0 0 0 
134 0.670428991317749 0.20325245708227158 0.1643276959657669 1.0490511506795883 0 0 0 0.0 0.0 0.0 6334.0 949.0 -970.0 0 0 0 0 0 0 0 0 0 
135 0.6754143238067627 0.20325245708227158 0.1643276959657669 1.0490511506795883 0 0 0 0.0 0.0 0.0 6334.0 949.0 -970.0 0 0 0 0 0 0 0 0 0 
136 0.6803872585296631 0.20325245708227158 0.1643276959657669 1.0490511506795883 0 0 0 0.0 0.0 0.0 6334.0 949.0 -970.0 0 0 0 0 0 0 0 0 0 
137 0.6870434284210205 0.20325245708227158 0.1643276959657669 1.0490511506795883 0 0 0 0.0 0.0 0.0 6334.0 949.0 -970.0 0 0 0 0 0 0 0 0 0 
138 0.6916265487670898 0.20325245708227158 0.1643276959657669 1.0490511506795883 0 0 0 0.0 0.0 0.0 6334.0 949.0 -970.0 0 0 0 0 0 0 0 0 0 
139 0.7009983062744141 0.20325245708227158 0.1643276959657669 1.0490511506795883 0 0 0 0.0 0.0 0.0 6334.0 949.0 -970.0 0 0 0 0 0 0 0 0 0 
140 0.7040877342224121 0.20325245708227158 0.1643276959657669 1.0490511506795883 0 0 0 0.0 0.0 0.0 6334.0 949.0 -970.0 0 0 0 0 0 0 0 0 0 
141 0.7053756713867188 0.20325245708227158 0.1643276959657669 1.0490511506795883 0 0 0 0.0 0.0 0.0 6334.0 949.0 -970.0 0 0 0 0 0 0 0 0 0 
142 0.7103981971740723 0.20325245708227158 0.1643276959657669 1.0490511506795883 0 0 0 0.0 0.0 0.0 6334.0 949.0 -970.0 0 0 0 0 0 0 0 0 0 
143 0.7154300212860107 0.20325245708227158 0.1643276959657669 1.0490511506795883 0 0 0 0.0 0.0 0.0 6334.0 949.0 -970.0 0 0 0 0 0 0 0 0 0 
144 0.7204086780548096 0.20325245708227158 0.1643276959657669 1.0490511506795883 0 0 0 0.0 0.0 0.0 6334.0 949.0 -970.0 0 0 0 0 0 0 0 0 0 
145 0.7254002094268799 0.20325245708227158 0.1643276959657669 1.0490511506795883 0 0 0 0.0 0.0 0.0 6334.0 949.0 -970.0 0 0 0 0 0 0 0 0 0 
146 0.7420246601104736 0.20325245708227158 0.1643276959657669 1.0490511506795883 0 0 0 0.0 0.0 0.0 6334.0 949.0 -970.0 0 0 0 0 0 0 0 0 0 
147 0.7491042613983154 0.20325245708227158 0.1643276959657669 1.0490511506795883 0 0 0 0.0 0.0 0.0 6334.0 949.0 -970.0 0 0 0 0 0 0 0 0 0 
148 0.7501850128173828 0.20325245708227158 0.1643276959657669 1.0490511506795883 0 0 0 0.0 0.0 0.0 6334.0 949.0 -970.0 0 0 0 0 0 0 0 0 0 
149 0.7511475086212158 0.20325245708227158 0.1643276959657669 1.0490511506795883 0 0 0 0.0 0.0 0.0 6334.0 949.0 -970.0 0 0 0 0 0 0 0 0 0 
150 0.75555419921875 0.20325245708227158 0.1643276959657669 1.0490511506795883 0 0 0 0.0 0.0 0.0 6334.0 949.0 -970.0 0 0 0 0 0 0 0 0 0 
151 0.756864070892334 0.20325245708227158 0.1643276959657669 1.0490511506795883 0 0 0 0.0 0.0 0.0 6334.0 949.0 -970.0 0 0 0 0 0 0 0 0 0 
152 0.7604086399078369 0.20325245708227158 0.1643276959657669 1.0490511506795883 0 0 0 0.0 0.0 0.0 6334.0 949.0 -970.0 0 0 0 0 0 0 0 0 0 
153 0.7665235996246338 0.20325245708227158 0.1643276959657669 1.0490511506795883 0 0 0 0.0 0.0 0.0 6334.0 949.0 -970.0 0 0 0 0 0 0 0 0 0 
154 0.7703845500946045 0.20325245708227158 0.1643276959657669 1.0490511506795883 0 0 0 0.0 0.0 0.0 6334.0 949.0 -970.0 0 0 0 0 0 0 0 0 0 
155 0.775416374206543 0.20325245708227158 0.1643276959657669 1.0490511506795883 0 0 0 0.0 0.0 0.0 6334.0 949.0 -970.0 0 0 0 0 0 0 0 0 0 
156 0.7804105281829834 0.20325245708227158 0.1643276959657669 1.0490511506795883 0 0 0 0.0 0.0 0.0 6334.0 949.0 -970.0 0 0 0 0 0 0 0 0 0 
157 0.7854084968566895 0.20325245708227158 0.1643276959657669 1.0490511506795883 0 0 0 0.0 0.0 0.0 6334.0 949.0 -970.0 0 0 0 0 0 0 0 0 0 
158 0.790410041809082 0.20325245708227158 0.1643276959657669 1.0490511506795883 0 0 0 0.0 0.0 0.0 6334.0 949.0 -970.0 0 0 0 0 0 0 0 0 0 
159 0.7954154014587402 0.20325245708227158 0.1643276959657669 1.0490511506795883 0 0 0 0.0 0.0 0.0 6334.0 949.0 -970.0 0 0 0 0 0 0 0 0 0 
160 0.8005785942077637 0.20325245708227158 0.1643276959657669 1.0490511506795883 0 0 0 0.0 0.0 0.0 6334.0 949.0 -970.0 0 0 0 0 0 0 0 0 0 
161 0.8053970336914062 0.20325245708227158 0.1643276959657669 1.0490511506795883 0 0 0 0.0 0.0 0.0 6334.0 949.0 -970.0 0 0 0 0 0 0 0 0 0 
162 0.8104124069213867 0.20325245708227158 0.1643276959657669 1.0490511506795883 0 0 0 0.0 0.0 0.0 6334.0 949.0 -970.0 0 0 0 0 0 0 0 0 0 
163 0.8154113292694092 0.20325245708227158 0.1643276959657669 1.0490511506795883 0 0 0 0.0 0.0 0.0 6334.0 949.0 -970.0 0 0 0 0 0 0 0 0 0 
164 0.8204047679901123 0.20325245708227158 0.1643276959657669 1.0490511506795883 0 0 0 0.0 0.0 0.0 6334.0 949.0 -970.0 0 0 0 0 0 0 0 0 0 
165 0.8254141807556152 0.20325245708227158 0.1643276959657669 1.0490511506795883 0 0 0 0.0 0.0 0.0 6334.0 949.0 -970.0 0 0 0 0 0 0 0 0 0 
166 0.8303864002227783 0.20325245708227158 0.1643276959657669 1.0490511506795883 0 0 0 0.0 0.0 0.0 6334.0 949.0 -970.0 0 0 0 0 0 0 0 0 0 
167 0.8354024887084961 0.20325245708227158 0.1643276959657669 1.0490511506795883 0 0 0 0.0 0.0 0.0 6334.0 949.0 -970.0 0 0 0 0 0 0 0 0 0 
168 0.8404133319854736 0.20325245708227158 0.1643276959657669 1.0490511506795883 0 0 0 0.0 0.0 0.0 6334.0 949.0 -970.0 0 0 0 0 0 0 0 0 0 
169 0.8453845977783203 0.20325245708227158 0.1643276959657669 1.0490511506795883 0 0 0 0.0 0.0 0.0 6334.0 949.0 -970.0 0 0 0 0 0 0 0 0 0 
170 0.8504085540771484 0.20325245708227158 0.1643276959657669 1.0490511506795883 0 0 0 0.0 0.0 0.0 6334.0 949.0 -970.0 0 0 0 0 0 0 0 0 0 
171 0.8554019927978516 0.20325245708227158 0.1643276959657669 1.0490511506795883 0 0 0 0.0 0.0 0.0 6334.0 949.0 -970.0 0 0 0 0 0 0 0 0 0 
172 0.8604154586791992 0.20325245708227158 0.1643276959657669 1.0490511506795883 0 0 0 0.0 0.0 0.0 6334.0 949.0 -970.0 0 0 0 0 0 0 0 0 0 
173 0.8653898239135742 0.20325245708227158 0.1643276959657669 1.0490511506795883 0 0 0 0.0 0.0 0.0 6334.0 949.0 -970.0 0 0 0 0 0 0 0 0 0 
174 0.8704168796539307 0.20325245708227158 0.1643276959657669 1.0490511506795883 0 0 0 0.0 0.0 0.0 6334.0 949.0 -970.0 0 0 0 0 0 0 0 0 0 
175 0.8753986358642578 0.20325245708227158 0.1643276959657669 1.0490511506795883 0 0 0 0.0 0.0 0.0 6334.0 949.0 -970.0 0 0 0 0 0 0 0 0 0 
176 0.880420446395874 0.20325245708227158 0.1643276959657669 1.0490511506795883 0 0 0 0.0 0.0 0.0 6334.0 949.0 -970.0 0 0 0 0 0 0 0 0 0 
177 0.885382890701294 0.20325245708227158 0.1643276959657669 1.0490511506795883 0 0 0 0.0 0.0 0.0 6334.0 949.0 -970.0 0 0 0 0 0 0 0 0 0 
178 0.8904173374176025 0.20325245708227158 0.1643276959657669 1.0490511506795883 0 0 0 0.0 0.0 0.0 6334.0 949.0 -970.0 0 0 0 0 0 0 0 0 0 
179 0.8953902721405029 0.20325245708227158 0.1643276959657669 1.0490511506795883 0 0 0 0.0 0.0 0.0 6334.0 949.0 -970.0 0 0 0 0 0 0 0 0 0 
180 0.9004178047180176 0.20325245708227158 0.1643276959657669 1.0490511506795883 0 0 0 0.0 0.0 0.0 6334.0 949.0 -970.0 0 0 0 0 0 0 0 0 0 
181 0.905388593673706 0.20325245708227158 0.1643276959657669 1.0490511506795883 0 0 0 0.0 0.0 0.0 6334.0 949.0 -970.0 0 0 0 0 0 0 0 0 0 
182 0.9104177951812744 0.20325245708227158 0.1643276959657669 1.0490511506795883 0 0 0 0.0 0.0 0.0 6334.0 949.0 -970.0 0 0 0 0 0 0 0 0 0 
183 0.9153954982757568 0.20325245708227158 0.1643276959657669 1.0490511506795883 0 0 0 0.0 0.0 0.0 6334.0 949.0 -970.0 0 0 0 0 0 0 0 0 0 
184 0.9204232692718506 0.20325245708227158 0.1643276959657669 1.0490511506795883 0 0 0 0.0 0.0 0.0 6334.0 949.0 -970.0 0 0 0 0 0 0 0 0 0 
185 0.9253981113433838 0.20325245708227158 0.1643276959657669 1.0490511506795883 0 0 0 0.0 0.0 0.0 6334.0 949.0 -970.0 0 0 0 0 0 0 0 0 0 
186 0.9304211139678955 0.20325245708227158 0.1643276959657669 1.0490511506795883 0 0 0 0.0 0.0 0.0 6334.0 949.0 -970.0 0 0 0 0 0 0 0 0 0 
187 0.935387372970581 0.20325245708227158 0.1643276959657669 1.0490511506795883 0 0 0 0.0 0.0 0.0 6334.0 949.0 -970.0 0 0 0 0 0 0 0 0 0 
188 0.9404194355010986 0.20325245708227158 0.1643276959657669 1.0490511506795883 0 0 0 0.0 0.0 0.0 6334.0 949.0 -970.0 0 0 0 0 0 0 0 0 0 
189 0.9453880786895752 0.20325245708227158 0.1643276959657669 1.0490511506795883 0 0 0 0.0 0.0 0.0 6334.0 949.0 -970.0 0 0 0 0 0 0 0 0 0 
190 0.9504213333129883 0.20325245708227158 0.1643276959657669 1.0490511506795883 0 0 0 0.0 0.0 0.0 6334.0 949.0 -970.0 0 0 0 0 0 0 0 0 0 
191 0.9553849697113037 0.20325245708227158 0.1643276959657669 1.0490511506795883 0 0 0 0.0 0.0 0.0 6334.0 949.0 -970.0 0 0 0 0 0 0 0 0 0 
192 0.9604198932647705 0.20325245708227158 0.1643276959657669 1.0490511506795883 0 0 0 0.0 0.0 0.0 6334.0 949.0 -970.0 0 0 0 0 0 0 0 0 0 
193 0.9654278755187988 0.20325245708227158 0.1643276959657669 1.0490511506795883 0 0 0 0.0 0.0 0.0 6334.0 949.0 -970.0 0 0 0 0 0 0 0 0 0 
194 0.9704263210296631 0.20325245708227158 0.1643276959657669 1.0490511506795883 0 0 0 0.0 0.0 0.0 6334.0 949.0 -970.0 0 0 0 0 0 0 0 0 0 
195 0.9754230976104736 0.20325245708227158 0.1643276959657669 1.0490511506795883 0 0 0 0.0 0.0 0.0 6334.0 949.0 -970.0 0 0 0 0 0 0 0 0 0 
196 0.9803879261016846 0.20325245708227158 0.1643276959657669 1.0490511506795883 0 0 0 0.0 0.0 0.0 6334.0 949.0 -970.0 0 0 0 0 0 0 0 0 0 
197 0.991490364074707 0.20325245708227158 0.1643276959657669 1.0490511506795883 0 0 0 0.0 0.0 0.0 6334.0 949.0 -970.0 0 0 0 0 0 0 0 0 0 
198 0.9925408363342285 0.20325245708227158 0.1643276959657669 1.0490511506795883 0 0 0 0.0 0.0 0.0 6334.0 949.0 -970.0 0 0 0 0 0 0 0 0 0 
199 0.9954006671905518 0.20325245708227158 0.1643276959657669 1.0490511506795883 0 0 0 0.0 0.0 0.0 6334.0 949.0 -970.0 0 0 0 0 0 0 0 0 0 
200 1.0004191398620605 0.20325245708227158 0.1643276959657669 1.0490511506795883 0 0 0 0.0 0.0 0.0 6334.0 949.0 -970.0 0 0 0 0 0 0 0 0 0 
201 1.005387783050537 0.20325245708227158 0.1643276959657669 1.0490511506795883 0 0 0 0.0 0.0 0.0 6334.0 949.0 -970.0 0 0 0 0 0 0 0 0 0 
202 1.0104169845581055 0.20325245708227158 0.1643276959657669 1.0490511506795883 0 0 0 0.0 0.0 0.0 6334.0 949.0 -970.0 0 0 0 0 0 0 0 0 0 
203 1.015397071838379 0.20325245708227158 0.1643276959657669 1.0490511506795883 0 0 0 0.0 0.0 0.0 6334.0 949.0 -970.0 0 0 0 0 0 0 0 0 0 
204 1.0204246044158936 0.20325245708227158 0.1643276959657669 1.0490511506795883 0 0 0 0.0 0.0 0.0 6334.0 949.0 -970.0 0 0 0 0 0 0 0 0 0 
205 1.025393009185791 0.20325245708227158 0.1643276959657669 1.0490511506795883 0 0 0 0.0 0.0 0.0 6334.0 949.0 -970.0 0 0 0 0 0 0 0 0 0 
206 1.0304207801818848 0.20325245708227158 0.1643276959657669 1.0490511506795883 0 0 0 0.0 0.0 0.0 6334.0 949.0 -970.0 0 0 0 0 0 0 0 0 0 
207 1.0353906154632568 0.20325245708227158 0.1643276959657669 1.0490511506795883 0 0 0 0.0 0.0 0.0 6334.0 949.0 -970.0 0 0 0 0 0 0 0 0 0 
208 1.040421724319458 0.20325245708227158 0.1643276959657669 1.0490511506795883 0 0 0 0.0 0.0 0.0 6334.0 949.0 -970.0 0 0 0 0 0 0 0 0 0 
209 1.0453910827636719 0.20325245708227158 0.1643276959657669 1.0490511506795883 0 0 0 0.0 0.0 0.0 6334.0 949.0 -970.0 0 0 0 0 0 0 0 0 0 
210 1.0504236221313477 0.20325245708227158 0.1643276959657669 1.0490511506795883 0 0 0 0.0 0.0 0.0 6334.0 949.0 -970.0 0 0 0 0 0 0 0 0 0 
211 1.0553913116455078 0.20325245708227158 0.1643276959657669 1.0490511506795883 0 0 0 0.0 0.0 0.0 6334.0 949.0 -970.0 0 0 0 0 0 0 0 0 0 
212 1.060420274734497 0.20325245708227158 0.1643276959657669 1.0490511506795883 0 0 0 0.0 0.0 0.0 6334.0 949.0 -970.0 0 0 0 0 0 0 0 0 0 
213 1.0653929710388184 0.20325245708227158 0.1643276959657669 1.0490511506795883 0 0 0 0.0 0.0 0.0 6334.0 949.0 -970.0 0 0 0 0 0 0 0 0 0 
214 1.0704293251037598 0.20325245708227158 0.1643276959657669 1.0490511506795883 0 0 0 0.0 0.0 0.0 6334.0 949.0 -970.0 0 0 0 0 0 0 0 0 0 
215 1.0754585266113281 0.20325245708227158 0.1643276959657669 1.0490511506795883 0 0 0 0.0 0.0 0.0 6334.0 949.0 -970.0 0 0 0 0 0 0 0 0 0 
216 1.0804259777069092 0.20325245708227158 0.1643276959657669 1.0490511506795883 0 0 0 0.0 0.0 0.0 6334.0 949.0 -970.0 0 0 0 0 0 0 0 0 0 
217 1.0853917598724365 0.20325245708227158 0.1643276959657669 1.0490511506795883 0 0 0 0.0 0.0 0.0 6334.0 949.0 -970.0 0 0 0 0 0 0 0 0 0 
218 1.0906651020050049 0.20325245708227158 0.1643276959657669 1.0490511506795883 0 0 0 0.0 0.0 0.0 6334.0 949.0 -970.0 0 0 0 0 0 0 0 0 0 
219 1.0953967571258545 0.20325245708227158 0.1643276959657669 1.0490511506795883 0 0 0 0.0 0.0 0.0 6334.0 949.0 -970.0 0 0 0 0 0 0 0 0 0 
220 1.100419282913208 0.20325245708227158 0.1643276959657669 1.0490511506795883 0 0 0 0.0 0.0 0.0 6334.0 949.0 -970.0 0 0 0 0 0 0 0 0 0 
221 1.1053905487060547 0.20325245708227158 0.1643276959657669 1.0490511506795883 0 0 0 0.0 0.0 0.0 6334.0 949.0 -970.0 0 0 0 0 0 0 0 0 0 
222 1.1104223728179932 0.20325245708227158 0.1643276959657669 1.0490511506795883 0 0 0 0.0 0.0 0.0 6334.0 949.0 -970.0 0 0 0 0 0 0 0 0 0 
223 1.1153974533081055 0.20325245708227158 0.1643276959657669 1.0490511506795883 0 0 0 0.0 0.0 0.0 6334.0 949.0 -970.0 0 0 0 0 0 0 0 0 0 
224 1.1204288005828857 0.20325245708227158 0.1643276959657669 1.0490511506795883 0 0 0 0.0 0.0 0.0 6334.0 949.0 -970.0 0 0 0 0 0 0 0 0 0 
225 1.1254446506500244 0.20325245708227158 0.1643276959657669 1.0490511506795883 0 0 0 0.0 0.0 0.0 6334.0 949.0 -970.0 0 0 0 0 0 0 0 0 0 
226 1.1304264068603516 0.20325245708227158 0.1643276959657669 1.0490511506795883 0 0 0 0.0 0.0 0.0 6334.0 949.0 -970.0 0 0 0 0 0 0 0 0 0 
227 1.1354286670684814 0.20325245708227158 0.1643276959657669 1.0490511506795883 0 0 0 0.0 0.0 0.0 6334.0 949.0 -970.0 0 0 0 0 0 0 0 0 0 
228 1.140657901763916 0.20325245708227158 0.1643276959657669 1.0490511506795883 0 0 0 0.0 0.0 0.0 6334.0 949.0 -970.0 0 0 0 0 0 0 0 0 0 
229 1.145430564880371 0.20325245708227158 0.1643276959657669 1.0490511506795883 0 0 0 0.0 0.0 0.0 6334.0 949.0 -970.0 0 0 0 0 0 0 0 0 0 
230 1.1504247188568115 0.20325245708227158 0.1643276959657669 1.0490511506795883 0 0 0 0.0 0.0 0.0 6334.0 949.0 -970.0 0 0 0 0 0 0 0 0 0 
231 1.1553993225097656 0.20325245708227158 0.1643276959657669 1.0490511506795883 0 0 0 0.0 0.0 0.0 6334.0 949.0 -970.0 0 0 0 0 0 0 0 0 0 
232 1.1604297161102295 0.20325245708227158 0.1643276959657669 1.0490511506795883 0 0 0 0.0 0.0 0.0 6334.0 949.0 -970.0 0 0 0 0 0 0 0 0 0 
233 1.1654231548309326 0.20325245708227158 0.1643276959657669 1.0490511506795883 0 0 0 0.0 0.0 0.0 6334.0 949.0 -970.0 0 0 0 0 0 0 0 0 0 
234 1.170423984527588 0.20325245708227158 0.1643276959657669 1.0490511506795883 0 0 0 0.0 0.0 0.0 6334.0 949.0 -970.0 0 0 0 0 0 0 0 0 0 
235 1.1754114627838135 0.20325245708227158 0.1643276959657669 1.0490511506795883 0 0 0 0.0 0.0 0.0 6334.0 949.0 -970.0 0 0 0 0 0 0 0 0 0 
236 1.1804170608520508 0.20325245708227158 0.1643276959657669 1.0490511506795883 0 0 0 0.0 0.0 0.0 6334.0 949.0 -970.0 0 0 0 0 0 0 0 0 0 
237 1.1855006217956543 0.20325245708227158 0.1643276959657669 1.0490511506795883 0 0 0 0.0 0.0 0.0 6334.0 949.0 -970.0 0 0 0 0 0 0 0 0 0 
238 1.1904096603393555 0.20325245708227158 0.1643276959657669 1.0490511506795883 0 0 0 0.0 0.0 0.0 6334.0 949.0 -970.0 0 0 0 0 0 0 0 0 0 
239 1.1954333782196045 0.20325245708227158 0.1643276959657669 1.0490511506795883 0 0 0 0.0 0.0 0.0 6334.0 949.0 -970.0 0 0 0 0 0 0 0 0 0 
240 1.2004356384277344 0.20325245708227158 0.1643276959657669 1.0490511506795883 0 0 0 0.0 0.0 0.0 6334.0 949.0 -970.0 0 0 0 0 0 0 0 0 0 
241 1.2054340839385986 0.20325245708227158 0.1643276959657669 1.0490511506795883 0 0 0 0.0 0.0 0.0 6334.0 949.0 -970.0 0 0 0 0 0 0 0 0 0 
242 1.2103936672210693 0.20325245708227158 0.1643276959657669 1.0490511506795883 0 0 0 0.0 0.0 0.0 6334.0 949.0 -970.0 0 0 0 0 0 0 0 0 0 
243 1.219165325164795 0.20325245708227158 0.1643276959657669 1.0490511506795883 0 0 0 0.0 0.0 0.0 6334.0 949.0 -970.0 0 0 0 0 0 0 0 0 0 
244 1.2203965187072754 0.20325245708227158 0.1643276959657669 1.0490511506795883 0 0 0 0.0 0.0 0.0 6334.0 949.0 -970.0 0 0 0 0 0 0 0 0 0 
245 1.225421667098999 0.20325245708227158 0.1643276959657669 1.0490511506795883 0 0 0 0.0 0.0 0.0 6334.0 949.0 -970.0 0 0 0 0 0 0 0 0 0 
246 1.2304227352142334 0.20325245708227158 0.1643276959657669 1.0490511506795883 0 0 0 0.0 0.0 0.0 6334.0 949.0 -970.0 0 0 0 0 0 0 0 0 0 
247 1.2354247570037842 0.20325245708227158 0.1643276959657669 1.0490511506795883 0 0 0 0.0 0.0 0.0 6334.0 949.0 -970.0 0 0 0 0 0 0 0 0 0 
248 1.2404301166534424 0.20325245708227158 0.1643276959657669 1.0490511506795883 0 0 0 0.0 0.0 0.0 6334.0 949.0 -970.0 0 0 0 0 0 0 0 0 0 
249 1.2454009056091309 0.20325245708227158 0.1643276959657669 1.0490511506795883 0 0 0 0.0 0.0 0.0 6334.0 949.0 -970.0 0 0 0 0 0 0 0 0 0 
250 1.2504510879516602 0.20325245708227158 0.1643276959657669 1.0490511506795883 0 0 0 0.0 0.0 0.0 6334.0 949.0 -970.0 0 0 0 0 0 0 0 0 0 
251 1.255439281463623 0.20325245708227158 0.1643276959657669 1.0490511506795883 0 0 0 0.0 0.0 0.0 6334.0 949.0 -970.0 0 0 0 0 0 0 0 0 0 
252 1.2604272365570068 0.20325245708227158 0.1643276959657669 1.0490511506795883 0 0 0 0.0 0.0 0.0 6334.0 949.0 -970.0 0 0 0 0 0 0 0 0 0 
253 1.2654051780700684 0.20325245708227158 0.1643276959657669 1.0490511506795883 0 0 0 0.0 0.0 0.0 6334.0 949.0 -970.0 0 0 0 0 0 0 0 0 0 
254 1.2704291343688965 0.20325245708227158 0.1643276959657669 1.0490511506795883 0 0 0 0.0 0.0 0.0 6334.0 949.0 -970.0 0 0 0 0 0 0 0 0 0 
255 1.275439977645874 0.20325245708227158 0.1643276959657669 1.0490511506795883 0 0 0 0.0 0.0 0.0 6334.0 949.0 -970.0 0 0 0 0 0 0 0 0 0 
256 1.2804319858551025 0.20325245708227158 0.1643276959657669 1.0490511506795883 0 0 0 0.0 0.0 0.0 6334.0 949.0 -970.0 0 0 0 0 0 0 0 0 0 
257 1.2854292392730713 0.20325245708227158 0.1643276959657669 1.0490511506795883 0 0 0 0.0 0.0 0.0 6334.0 949.0 -970.0 0 0 0 0 0 0 0 0 0 
258 1.290402889251709 0.20325245708227158 0.1643276959657669 1.0490511506795883 0 0 0 0.0 0.0 0.0 6334.0 949.0 -970.0 0 0 0 0 0 0 0 0 0 
259 1.2954344749450684 0.20325245708227158 0.1643276959657669 1.0490511506795883 0 0 0 0.0 0.0 0.0 6334.0 949.0 -970.0 0 0 0 0 0 0 0 0 0 
260 1.3004395961761475 0.20325245708227158 0.1643276959657669 1.0490511506795883 0 0 0 0.0 0.0 0.0 6334.0 949.0 -970.0 0 0 0 0 0 0 0 0 0 
261 1.30544114112854 0.20325245708227158 0.1643276959657669 1.0490511506795883 0 0 0 0.0 0.0 0.0 6334.0 949.0 -970.0 0 0 0 0 0 0 0 0 0 
262 1.3104054927825928 0.20325245708227158 0.1643276959657669 1.0490511506795883 0 0 0 0.0 0.0 0.0 6334.0 949.0 -970.0 0 0 0 0 0 0 0 0 0 
263 1.315434455871582 0.20325245708227158 0.1643276959657669 1.0490511506795883 0 0 0 0.0 0.0 0.0 6334.0 949.0 -970.0 0 0 0 0 0 0 0 0 0 
264 1.3204007148742676 0.20325245708227158 0.1643276959657669 1.0490511506795883 0 0 0 0.0 0.0 0.0 6334.0 949.0 -970.0 0 0 0 0 0 0 0 0 0 
265 1.325434923171997 0.20325245708227158 0.1643276959657669 1.0490511506795883 0 0 0 0.0 0.0 0.0 6334.0 949.0 -970.0 0 0 0 0 0 0 0 0 0 
266 1.3304054737091064 0.20325245708227158 0.1643276959657669 1.0490511506795883 0 0 0 0.0 0.0 0.0 6334.0 949.0 -970.0 0 0 0 0 0 0 0 0 0 
267 1.3354339599609375 0.20325245708227158 0.1643276959657669 1.0490511506795883 0 0 0 0.0 0.0 0.0 6334.0 949.0 -970.0 0 0 0 0 0 0 0 0 0 
268 1.3404340744018555 0.20325245708227158 0.1643276959657669 1.0490511506795883 0 0 0 0.0 0.0 0.0 6334.0 949.0 -970.0 0 0 0 0 0 0 0 0 0 
269 1.3454325199127197 0.20325245708227158 0.1643276959657669 1.0490511506795883 0 0 0 0.0 0.0 0.0 6334.0 949.0 -970.0 0 0 0 0 0 0 0 0 0 
270 1.3504338264465332 0.20325245708227158 0.1643276959657669 1.0490511506795883 0 0 0 0.0 0.0 0.0 6334.0 949.0 -970.0 0 0 0 0 0 0 0 0 0 
271 1.3554065227508545 0.20325245708227158 0.1643276959657669 1.0490511506795883 0 0 0 0.0 0.0 0.0 6334.0 949.0 -970.0 0 0 0 0 0 0 0 0 0 
272 1.3604352474212646 0.20325245708227158 0.1643276959657669 1.0490511506795883 0 0 0 0.0 0.0 0.0 6334.0 949.0 -970.0 0 0 0 0 0 0 0 0 0 
273 1.3654024600982666 0.20325245708227158 0.1643276959657669 1.0490511506795883 0 0 0 0.0 0.0 0.0 6334.0 949.0 -970.0 0 0 0 0 0 0 0 0 0 
274 1.370438575744629 0.20325245708227158 0.1643276959657669 1.0490511506795883 0 0 0 0.0 0.0 0.0 6334.0 949.0 -970.0 0 0 0 0 0 0 0 0 0 
275 1.3754067420959473 0.20325245708227158 0.1643276959657669 1.0490511506795883 0 0 0 0.0 0.0 0.0 6334.0 949.0 -970.0 0 0 0 0 0 0 0 0 0 
276 1.380413293838501 0.20325245708227158 0.1643276959657669 1.0490511506795883 0 0 0 0.0 0.0 0.0 6334.0 949.0 -970.0 0 0 0 0 0 0 0 0 0 
277 1.3856492042541504 0.20325245708227158 0.1643276959657669 1.0490511506795883 0 0 0 0.0 0.0 0.0 6334.0 949.0 -970.0 0 0 0 0 0 0 0 0 0 
278 1.390413522720337 0.20325245708227158 0.1643276959657669 1.0490511506795883 0 0 0 0.0 0.0 0.0 6334.0 949.0 -970.0 0 0 0 0 0 0 0 0 0 
279 1.395439863204956 0.20325245708227158 0.1643276959657669 1.0490511506795883 0 0 0 0.0 0.0 0.0 6334.0 949.0 -970.0 0 0 0 0 0 0 0 0 0 
280 1.4003994464874268 0.20325245708227158 0.1643276959657669 1.0490511506795883 0 0 0 0.0 0.0 0.0 6334.0 949.0 -970.0 0 0 0 0 0 0 0 0 0 
281 1.4054362773895264 0.20325245708227158 0.1643276959657669 1.0490511506795883 0 0 0 0.0 0.0 0.0 6334.0 949.0 -970.0 0 0 0 0 0 0 0 0 0 
282 1.410405158996582 0.20325245708227158 0.1643276959657669 1.0490511506795883 0 0 0 0.0 0.0 0.0 6334.0 949.0 -970.0 0 0 0 0 0 0 0 0 0 
283 1.4154419898986816 0.20325245708227158 0.1643276959657669 1.0490511506795883 0 0 0 0.0 0.0 0.0 6334.0 949.0 -970.0 0 0 0 0 0 0 0 0 0 
284 1.4204020500183105 0.20325245708227158 0.1643276959657669 1.0490511506795883 0 0 0 0.0 0.0 0.0 6334.0 949.0 -970.0 0 0 0 0 0 0 0 0 0 
285 1.4255754947662354 0.20325245708227158 0.1643276959657669 1.0490511506795883 0 0 0 0.0 0.0 0.0 6334.0 949.0 -970.0 0 0 0 0 0 0 0 0 0 
286 1.4304089546203613 0.20325245708227158 0.1643276959657669 1.0490511506795883 0 0 0 0.0 0.0 0.0 6334.0 949.0 -970.0 0 0 0 0 0 0 0 0 0 
287 1.4374809265136719 0.20325245708227158 0.1643276959657669 1.0490511506795883 0 0 0 0.0 0.0 0.0 6334.0 949.0 -970.0 0 0 0 0 0 0 0 0 0 
288 1.4403955936431885 0.20325245708227158 0.1643276959657669 1.0490511506795883 0 0 0 0.0 0.0 0.0 6334.0 949.0 -970.0 0 0 0 0 0 0 0 0 0 
289 1.4454371929168701 0.20325245708227158 0.1643276959657669 1.0490511506795883 0 0 0 0.0 0.0 0.0 6334.0 949.0 -970.0 0 0 0 0 0 0 0 0 0 
290 1.4504058361053467 0.20325245708227158 0.1643276959657669 1.0490511506795883 0 0 0 0.0 0.0 0.0 6334.0 949.0 -970.0 0 0 0 0 0 0 0 0 0 
291 1.4554376602172852 0.20325245708227158 0.1643276959657669 1.0490511506795883 0 0 0 0.0 0.0 0.0 6334.0 949.0 -970.0 0 0 0 0 0 0 0 0 0 
292 1.460400104522705 0.20325245708227158 0.1643276959657669 1.0490511506795883 0 0 0 0.0 0.0 0.0 6334.0 949.0 -970.0 0 0 0 0 0 0 0 0 0 
293 1.4654364585876465 0.20325245708227158 0.1643276959657669 1.0490511506795883 0 0 0 0.0 0.0 0.0 6334.0 949.0 -970.0 0 0 0 0 0 0 0 0 0 
294 1.470409631729126 0.20325245708227158 0.1643276959657669 1.0490511506795883 0 0 0 0.0 0.0 0.0 6334.0 949.0 -970.0 0 0 0 0 0 0 0 0 0 
295 1.4754390716552734 0.20325245708227158 0.1643276959657669 1.0490511506795883 0 0 0 0.0 0.0 0.0 6334.0 949.0 -970.0 0 0 0 0 0 0 0 0 0 
296 1.4804003238677979 0.20325245708227158 0.1643276959657669 1.0490511506795883 0 0 0 0.0 0.0 0.0 6334.0 949.0 -970.0 0 0 0 0 0 0 0 0 0 
297 1.4854412078857422 0.20325245708227158 0.1643276959657669 1.0490511506795883 0 0 0 0.0 0.0 0.0 6334.0 949.0 -970.0 0 0 0 0 0 0 0 0 0 
298 1.4904110431671143 0.20325245708227158 0.1643276959657669 1.0490511506795883 0 0 0 0.0 0.0 0.0 6334.0 949.0 -970.0 0 0 0 0 0 0 0 0 0 
299 1.495436429977417 0.20325245708227158 0.1643276959657669 1.0490511506795883 0 0 0 0.0 0.0 0.0 6334.0 949.0 -970.0 0 0 0 0 0 0 0 0 0 
300 1.5003995895385742 0.20325245708227158 0.1643276959657669 1.0490511506795883 0 0 0 0.0 0.0 0.0 6334.0 949.0 -970.0 0 0 0 0 0 0 0 0 0 
301 1.5054359436035156 0.20325245708227158 0.1643276959657669 1.0490511506795883 0 0 0 0.0 0.0 0.0 6334.0 949.0 -970.0 0 0 0 0 0 0 0 0 0 
302 1.5105006694793701 0.20325245708227158 0.1643276959657669 1.0490511506795883 0 0 0 0.0 0.0 0.0 6334.0 949.0 -970.0 0 0 0 0 0 0 0 0 0 
303 1.5154330730438232 0.20325245708227158 0.1643276959657669 1.0490511506795883 0 0 0 0.0 0.0 0.0 6334.0 949.0 -970.0 0 0 0 0 0 0 0 0 0 
304 1.5205252170562744 0.20325245708227158 0.1643276959657669 1.0490511506795883 0 0 0 0.0 0.0 0.0 6334.0 949.0 -970.0 0 0 0 0 0 0 0 0 0 
305 1.52547287940979 0.20325245708227158 0.1643276959657669 1.0490511506795883 0 0 0 0.0 0.0 0.0 6334.0 949.0 -970.0 0 0 0 0 0 0 0 0 0 
306 1.536071538925171 0.20325245708227158 0.1643276959657669 1.0490511506795883 0 0 0 0.0 0.0 0.0 6334.0 949.0 -970.0 0 0 0 0 0 0 0 0 0 
307 1.5391008853912354 0.20325245708227158 0.1643276959657669 1.0490511506795883 0 0 0 0.0 0.0 0.0 6334.0 949.0 -970.0 0 0 0 0 0 0 0 0 0 
308 1.5410799980163574 0.20325245708227158 0.1643276959657669 1.0490511506795883 0 0 0 0.0 0.0 0.0 6334.0 949.0 -970.0 0 0 0 0 0 0 0 0 0 
309 1.5454802513122559 0.20325245708227158 0.1643276959657669 1.0490511506795883 0 0 0 0.0 0.0 0.0 6334.0 949.0 -970.0 0 0 0 0 0 0 0 0 0 
310 1.5504915714263916 0.20325245708227158 0.1643276959657669 1.0490511506795883 0 0 0 0.0 0.0 0.0 6334.0 949.0 -970.0 0 0 0 0 0 0 0 0 0 
311 1.5554676055908203 0.20325245708227158 0.1643276959657669 1.0490511506795883 0 0 0 0.0 0.0 0.0 6334.0 949.0 -970.0 0 0 0 0 0 0 0 0 0 
312 1.5605616569519043 0.20325245708227158 0.1643276959657669 1.0490511506795883 0 0 0 0.0 0.0 0.0 6334.0 949.0 -970.0 0 0 0 0 0 0 0 0 0 
313 1.565471887588501 0.20325245708227158 0.1643276959657669 1.0490511506795883 0 0 0 0.0 0.0 0.0 6334.0 949.0 -970.0 0 0 0 0 0 0 0 0 0 
314 1.5705113410949707 0.20325245708227158 0.1643276959657669 1.0490511506795883 0 0 0 0.0 0.0 0.0 6334.0 949.0 -970.0 0 0 0 0 0 0 0 0 0 
315 1.575465440750122 0.20325245708227158 0.1643276959657669 1.0490511506795883 0 0 0 0.0 0.0 0.0 6334.0 949.0 -970.0 0 0 0 0 0 0 0 0 0 
316 1.5805144309997559 0.20325245708227158 0.1643276959657669 1.0490511506795883 0 0 0 0.0 0.0 0.0 6334.0 949.0 -970.0 0 0 0 0 0 0 0 0 0 
317 1.585472822189331 0.20325245708227158 0.1643276959657669 1.0490511506795883 0 0 0 0.0 0.0 0.0 6334.0 949.0 -970.0 0 0 0 0 0 0 0 0 0 
318 1.590592622756958 0.20325245708227158 0.1643276959657669 1.0490511506795883 0 0 0 0.0 0.0 0.0 6334.0 949.0 -970.0 0 0 0 0 0 0 0 0 0 
319 1.5954835414886475 0.20325245708227158 0.1643276959657669 1.0490511506795883 0 0 0 0.0 0.0 0.0 6334.0 949.0 -970.0 0 0 0 0 0 0 0 0 0 
320 1.6005611419677734 0.20325245708227158 0.1643276959657669 1.0490511506795883 0 0 0 0.0 0.0 0.0 6334.0 949.0 -970.0 0 0 0 0 0 0 0 0 0 
321 1.6055331230163574 0.20325245708227158 0.1643276959657669 1.0490511506795883 0 0 0 0.0 0.0 0.0 6334.0 949.0 -970.0 0 0 0 0 0 0 0 0 0 
322 1.6105530261993408 0.20325245708227158 0.1643276959657669 1.0490511506795883 0 0 0 0.0 0.0 0.0 6334.0 949.0 -970.0 0 0 0 0 0 0 0 0 0 
323 1.615480899810791 0.20325245708227158 0.1643276959657669 1.0490511506795883 0 0 0 0.0 0.0 0.0 6334.0 949.0 -970.0 0 0 0 0 0 0 0 0 0 
324 1.6205041408538818 0.20325245708227158 0.1643276959657669 1.0490511506795883 0 0 0 0.0 0.0 0.0 6334.0 949.0 -970.0 0 0 0 0 0 0 0 0 0 
325 1.6254901885986328 0.20325245708227158 0.1643276959657669 1.0490511506795883 0 0 0 0.0 0.0 0.0 6334.0 949.0 -970.0 0 0 0 0 0 0 0 0 0 
326 1.6304895877838135 0.20325245708227158 0.1643276959657669 1.0490511506795883 0 0 0 0.0 0.0 0.0 6334.0 949.0 -970.0 0 0 0 0 0 0 0 0 0 
327 1.6355156898498535 0.20325245708227158 0.1643276959657669 1.0490511506795883 0 0 0 0.0 0.0 0.0 6334.0 949.0 -970.0 0 0 0 0 0 0 0 0 0 
328 1.6405158042907715 0.20325245708227158 0.1643276959657669 1.0490511506795883 0 0 0 0.0 0.0 0.0 6334.0 949.0 -970.0 0 0 0 0 0 0 0 0 0 
329 1.6454665660858154 0.20325245708227158 0.1643276959657669 1.0490511506795883 0 0 0 0.0 0.0 0.0 6334.0 949.0 -970.0 0 0 0 0 0 0 0 0 0 
330 1.6505160331726074 0.20325245708227158 0.1643276959657669 1.0490511506795883 0 0 0 0.0 0.0 0.0 6334.0 949.0 -970.0 0 0 0 0 0 0 0 0 0 
331 1.6554677486419678 0.20325245708227158 0.1643276959657669 1.0490511506795883 0 0 0 0.0 0.0 0.0 6334.0 949.0 -970.0 0 0 0 0 0 0 0 0 0 
332 1.6605126857757568 0.20325245708227158 0.1643276959657669 1.0490511506795883 0 0 0 0.0 0.0 0.0 6334.0 949.0 -970.0 0 0 0 0 0 0 0 0 0 
333 1.6654753684997559 0.20325245708227158 0.1643276959657669 1.0490511506795883 0 0 0 0.0 0.0 0.0 6334.0 949.0 -970.0 0 0 0 0 0 0 0 0 0 
334 1.670518398284912 0.20325245708227158 0.1643276959657669 1.0490511506795883 0 0 0 0.0 0.0 0.0 6334.0 949.0 -970.0 0 0 0 0 0 0 0 0 0 
335 1.6755566596984863 0.20325245708227158 0.1643276959657669 1.0490511506795883 0 0 0 0.0 0.0 0.0 6334.0 949.0 -970.0 0 0 0 0 0 0 0 0 0 
336 1.6804563999176025 0.20325245708227158 0.1643276959657669 1.0490511506795883 0 0 0 0.0 0.0 0.0 6334.0 949.0 -970.0 0 0 0 0 0 0 0 0 0 
337 1.6855151653289795 0.20325245708227158 0.1643276959657669 1.0490511506795883 0 0 0 0.0 0.0 0.0 6334.0 949.0 -970.0 0 0 0 0 0 0 0 0 0 
338 1.6905059814453125 0.20325245708227158 0.1643276959657669 1.0490511506795883 0 0 0 0.0 0.0 0.0 6334.0 949.0 -970.0 0 0 0 0 0 0 0 0 0 
339 1.6955232620239258 0.20325245708227158 0.1643276959657669 1.0490511506795883 0 0 0 0.0 0.0 0.0 6334.0 949.0 -970.0 0 0 0 0 0 0 0 0 0 
340 1.7005198001861572 0.20325245708227158 0.1643276959657669 1.0490511506795883 0 0 0 0.0 0.0 0.0 6334.0 949.0 -970.0 0 0 0 0 0 0 0 0 0 
341 1.7054691314697266 0.20325245708227158 0.1643276959657669 1.0490511506795883 0 0 0 0.0 0.0 0.0 6334.0 949.0 -970.0 0 0 0 0 0 0 0 0 0 
342 1.7105145454406738 0.20325245708227158 0.1643276959657669 1.0490511506795883 0 0 0 0.0 0.0 0.0 6334.0 949.0 -970.0 0 0 0 0 0 0 0 0 0 
343 1.7154600620269775 0.20325245708227158 0.1643276959657669 1.0490511506795883 0 0 0 0.0 0.0 0.0 6334.0 949.0 -970.0 0 0 0 0 0 0 0 0 0 
344 1.7228844165802002 0.20325245708227158 0.1643276959657669 1.0490511506795883 0 0 0 0.0 0.0 0.0 6334.0 949.0 -970.0 0 0 0 0 0 0 0 0 0 
345 1.7257826328277588 0.20325245708227158 0.1643276959657669 1.0490511506795883 0 0 0 0.0 0.0 0.0 6334.0 949.0 -970.0 0 0 0 0 0 0 0 0 0 
346 1.7313578128814697 0.20325245708227158 0.1643276959657669 1.0490511506795883 0 0 0 0.0 0.0 0.0 6334.0 949.0 -970.0 0 0 0 0 0 0 0 0 0 
347 1.7460215091705322 0.20325245708227158 0.1643276959657669 1.0490511506795883 0 0 0 0.0 0.0 0.0 6334.0 949.0 -970.0 0 0 0 0 0 0 0 0 0 
348 1.748908281326294 0.20325245708227158 0.1643276959657669 1.0490511506795883 0 0 0 0.0 0.0 0.0 6334.0 949.0 -970.0 0 0 0 0 0 0 0 0 0 
349 1.7518396377563477 0.20325245708227158 0.1643276959657669 1.0490511506795883 0 0 0 0.0 0.0 0.0 6334.0 949.0 -970.0 0 0 0 0 0 0 0 0 0 
350 1.7541184425354004 0.20325245708227158 0.1643276959657669 1.0490511506795883 0 0 0 0.0 0.0 0.0 6334.0 949.0 -970.0 0 0 0 0 0 0 0 0 0 
351 1.755634069442749 0.20325245708227158 0.1643276959657669 1.0490511506795883 0 0 0 0.0 0.0 0.0 6334.0 949.0 -970.0 0 0 0 0 0 0 0 0 0 
352 1.766143560409546 0.20325245708227158 0.1643276959657669 1.0490511506795883 0 0 0 0.0 0.0 0.0 6334.0 949.0 -970.0 0 0 0 0 0 0 0 0 0 
353 1.7739062309265137 0.20325245708227158 0.1643276959657669 1.0490511506795883 0 0 0 0.0 0.0 0.0 6334.0 949.0 -970.0 0 0 0 0 0 0 0 0 0 
354 1.7764313220977783 0.20325245708227158 0.1643276959657669 1.0490511506795883 0 0 0 0.0 0.0 0.0 6334.0 949.0 -970.0 0 0 0 0 0 0 0 0 0 
355 1.7779533863067627 0.20325245708227158 0.1643276959657669 1.0490511506795883 0 0 0 0.0 0.0 0.0 6334.0 949.0 -970.0 0 0 0 0 0 0 0 0 0 
356 1.78053617477417 0.20325245708227158 0.1643276959657669 1.0490511506795883 0 0 0 0.0 0.0 0.0 6334.0 949.0 -970.0 0 0 0 0 0 0 0 0 0 
357 1.785454511642456 0.20325245708227158 0.1643276959657669 1.0490511506795883 0 0 0 0.0 0.0 0.0 6334.0 949.0 -970.0 0 0 0 0 0 0 0 0 0 
358 1.7904889583587646 0.20325245708227158 0.1643276959657669 1.0490511506795883 0 0 0 0.0 0.0 0.0 6334.0 949.0 -970.0 0 0 0 0 0 0 0 0 0 
359 1.7955021858215332 0.20325245708227158 0.1643276959657669 1.0490511506795883 0 0 0 0.0 0.0 0.0 6334.0 949.0 -970.0 0 0 0 0 0 0 0 0 0 
360 1.800462245941162 0.20325245708227158 0.1643276959657669 1.0490511506795883 0 0 0 0.0 0.0 0.0 6334.0 949.0 -970.0 0 0 0 0 0 0 0 0 0 
361 1.8055026531219482 0.20325245708227158 0.1643276959657669 1.0490511506795883 0 0 0 0.0 0.0 0.0 6334.0 949.0 -970.0 0 0 0 0 0 0 0 0 0 
362 1.8104662895202637 0.20325245708227158 0.1643276959657669 1.0490511506795883 0 0 0 0.0 0.0 0.0 6334.0 949.0 -970.0 0 0 0 0 0 0 0 0 0 
363 1.8155040740966797 0.20325245708227158 0.1643276959657669 1.0490511506795883 0 0 0 0.0 0.0 0.0 6334.0 949.0 -970.0 0 0 0 0 0 0 0 0 0 
364 1.8204600811004639 0.20325245708227158 0.1643276959657669 1.0490511506795883 0 0 0 0.0 0.0 0.0 6334.0 949.0 -970.0 0 0 0 0 0 0 0 0 0 
365 1.8255038261413574 0.20325245708227158 0.1643276959657669 1.0490511506795883 0 0 0 0.0 0.0 0.0 6334.0 949.0 -970.0 0 0 0 0 0 0 0 0 0 
366 1.8305439949035645 0.20325245708227158 0.1643276959657669 1.0490511506795883 0 0 0 0.0 0.0 0.0 6334.0 949.0 -970.0 0 0 0 0 0 0 0 0 0 
367 1.8355021476745605 0.20325245708227158 0.1643276959657669 1.0490511506795883 0 0 0 0.0 0.0 0.0 6334.0 949.0 -970.0 0 0 0 0 0 0 0 0 0 
368 1.840456247329712 0.20325245708227158 0.1643276959657669 1.0490511506795883 0 0 0 0.0 0.0 0.0 6334.0 949.0 -970.0 0 0 0 0 0 0 0 0 0 
369 1.8455049991607666 0.20325245708227158 0.1643276959657669 1.0490511506795883 0 0 0 0.0 0.0 0.0 6334.0 949.0 -970.0 0 0 0 0 0 0 0 0 0 
370 1.8504693508148193 0.20325245708227158 0.1643276959657669 1.0490511506795883 0 0 0 0.0 0.0 0.0 6334.0 949.0 -970.0 0 0 0 0 0 0 0 0 0 
371 1.8556644916534424 0.20325245708227158 0.1643276959657669 1.0490511506795883 0 0 0 0.0 0.0 0.0 6334.0 949.0 -970.0 0 0 0 0 0 0 0 0 0 
372 1.860475778579712 0.20325245708227158 0.1643276959657669 1.0490511506795883 0 0 0 0.0 0.0 0.0 6334.0 949.0 -970.0 0 0 0 0 0 0 0 0 0 
373 1.8654768466949463 0.20325245708227158 0.1643276959657669 1.0490511506795883 0 0 0 0.0 0.0 0.0 6334.0 949.0 -970.0 0 0 0 0 0 0 0 0 0 
374 1.870800495147705 0.20325245708227158 0.1643276959657669 1.0490511506795883 0 0 0 0.0 0.0 0.0 6334.0 949.0 -970.0 0 0 0 0 0 0 0 0 0 
375 1.8756990432739258 0.20325245708227158 0.1643276959657669 1.0490511506795883 0 0 0 0.0 0.0 0.0 6334.0 949.0 -970.0 0 0 0 0 0 0 0 0 0 
376 1.880479335784912 0.20325245708227158 0.1643276959657669 1.0490511506795883 0 0 0 0.0 0.0 0.0 6334.0 949.0 -970.0 0 0 0 0 0 0 0 0 0 
377 1.8854687213897705 0.20325245708227158 0.1643276959657669 1.0490511506795883 0 0 0 0.0 0.0 0.0 6334.0 949.0 -970.0 0 0 0 0 0 0 0 0 0 
378 1.890700101852417 0.20325245708227158 0.1643276959657669 1.0490511506795883 0 0 0 0.0 0.0 0.0 6334.0 949.0 -970.0 0 0 0 0 0 0 0 0 0 
379 1.8954753875732422 0.20325245708227158 0.1643276959657669 1.0490511506795883 0 0 0 0.0 0.0 0.0 6334.0 949.0 -970.0 0 0 0 0 0 0 0 0 0 
380 1.900538444519043 0.20325245708227158 0.1643276959657669 1.0490511506795883 0 0 0 0.0 0.0 0.0 6334.0 949.0 -970.0 0 0 0 0 0 0 0 0 0 
381 1.9132864475250244 0.20325245708227158 0.1643276959657669 1.0490511506795883 0 0 0 0.0 0.0 0.0 6334.0 949.0 -970.0 0 0 0 0 0 0 0 0 0 
382 1.9149672985076904 0.20325245708227158 0.1643276959657669 1.0490511506795883 0 0 0 0.0 0.0 0.0 6334.0 949.0 -970.0 0 0 0 0 0 0 0 0 0 
383 1.9164950847625732 0.20325245708227158 0.1643276959657669 1.0490511506795883 0 0 0 0.0 0.0 0.0 6334.0 949.0 -970.0 0 0 0 0 0 0 0 0 0 
384 1.9206347465515137 0.20325245708227158 0.1643276959657669 1.0490511506795883 0 0 0 0.0 0.0 0.0 6334.0 949.0 -970.0 0 0 0 0 0 0 0 0 0 
385 1.9254798889160156 0.20325245708227158 0.1643276959657669 1.0490511506795883 0 0 0 0.0 0.0 0.0 6334.0 949.0 -970.0 0 0 0 0 0 0 0 0 0 
386 1.9305071830749512 0.20325245708227158 0.1643276959657669 1.0490511506795883 0 0 0 0.0 0.0 0.0 6334.0 949.0 -970.0 0 0 0 0 0 0 0 0 0 
387 1.9354612827301025 0.20325245708227158 0.1643276959657669 1.0490511506795883 0 0 0 0.0 0.0 0.0 6334.0 949.0 -970.0 0 0 0 0 0 0 0 0 0 
388 1.9405333995819092 0.20325245708227158 0.1643276959657669 1.0490511506795883 0 0 0 0.0 0.0 0.0 6334.0 949.0 -970.0 0 0 0 0 0 0 0 0 0 
389 1.945479393005371 0.20325245708227158 0.1643276959657669 1.0490511506795883 0 0 0 0.0 0.0 0.0 6334.0 949.0 -970.0 0 0 0 0 0 0 0 0 0 
390 1.9505059719085693 0.20325245708227158 0.1643276959657669 1.0490511506795883 0 0 0 0.0 0.0 0.0 6334.0 949.0 -970.0 0 0 0 0 0 0 0 0 0 
391 1.955505132675171 0.20325245708227158 0.1643276959657669 1.0490511506795883 0 0 0 0.0 0.0 0.0 6334.0 949.0 -970.0 0 0 0 0 0 0 0 0 0 
392 1.9604613780975342 0.20325245708227158 0.1643276959657669 1.0490511506795883 0 0 0 0.0 0.0 0.0 6334.0 949.0 -970.0 0 0 0 0 0 0 0 0 0 
393 1.9658446311950684 0.20325245708227158 0.1643276959657669 1.0490511506795883 0 0 0 0.0 0.0 0.0 6334.0 949.0 -970.0 0 0 0 0 0 0 0 0 0 
394 1.9704656600952148 0.20325245708227158 0.1643276959657669 1.0490511506795883 0 0 0 0.0 0.0 0.0 6334.0 949.0 -970.0 0 0 0 0 0 0 0 0 0 
395 1.9755029678344727 0.20325245708227158 0.1643276959657669 1.0490511506795883 0 0 0 0.0 0.0 0.0 6334.0 949.0 -970.0 0 0 0 0 0 0 0 0 0 
396 1.9804630279541016 0.20325245708227158 0.1643276959657669 1.0490511506795883 0 0 0 0.0 0.0 0.0 6334.0 949.0 -970.0 0 0 0 0 0 0 0 0 0 
397 1.9854917526245117 0.20325245708227158 0.1643276959657669 1.0490511506795883 0 0 0 0.0 0.0 0.0 6334.0 949.0 -970.0 0 0 0 0 0 0 0 0 0 
398 1.9905059337615967 0.20325245708227158 0.1643276959657669 1.0490511506795883 0 0 0 0.0 0.0 0.0 6334.0 949.0 -970.0 0 0 0 0 0 0 0 0 0 
399 1.9954769611358643 0.20325245708227158 0.1643276959657669 1.0490511506795883 0 0 0 0.0 0.0 0.0 6334.0 949.0 -970.0 0 0 0 0 0 0 0 0 0 
400 2.0004889965057373 0.20325245708227158 0.1643276959657669 1.0490511506795883 0 0 0 0.0 0.0 0.0 6334.0 949.0 -970.0 0 0 0 0 0 0 0 0 0 
401 2.005465507507324 0.20325245708227158 0.1643276959657669 1.0490511506795883 0 0 0 0.0 0.0 0.0 6334.0 949.0 -970.0 0 0 0 0 0 0 0 0 0 
402 2.010488510131836 0.20325245708227158 0.1643276959657669 1.0490511506795883 0 0 0 0.0 0.0 0.0 6334.0 949.0 -970.0 0 0 0 0 0 0 0 0 0 
403 2.015655040740967 0.20325245708227158 0.1643276959657669 1.0490511506795883 0 0 0 0.0 0.0 0.0 6334.0 949.0 -970.0 0 0 0 0 0 0 0 0 0 
404 2.0204596519470215 0.20325245708227158 0.1643276959657669 1.0490511506795883 0 0 0 0.0 0.0 0.0 6334.0 949.0 -970.0 0 0 0 0 0 0 0 0 0 
405 2.025499105453491 0.20325245708227158 0.1643276959657669 1.0490511506795883 0 0 0 0.0 0.0 0.0 6334.0 949.0 -970.0 0 0 0 0 0 0 0 0 0 
406 2.0305075645446777 0.20325245708227158 0.1643276959657669 1.0490511506795883 0 0 0 0.0 0.0 0.0 6334.0 949.0 -970.0 0 0 0 0 0 0 0 0 0 
407 2.035478353500366 0.20325245708227158 0.1643276959657669 1.0490511506795883 0 0 0 0.0 0.0 0.0 6334.0 949.0 -970.0 0 0 0 0 0 0 0 0 0 
408 2.040501594543457 0.20325245708227158 0.1643276959657669 1.0490511506795883 0 0 0 0.0 0.0 0.0 6334.0 949.0 -970.0 0 0 0 0 0 0 0 0 0 
409 2.0467424392700195 0.20325245708227158 0.1643276959657669 1.0490511506795883 0 0 0 0.0 0.0 0.0 6334.0 949.0 -970.0 0 0 0 0 0 0 0 0 0 
410 2.050675868988037 0.20325245708227158 0.1643276959657669 1.0490511506795883 0 0 0 0.0 0.0 0.0 6334.0 949.0 -970.0 0 0 0 0 0 0 0 0 0 
411 2.055507183074951 0.20325245708227158 0.1643276959657669 1.0490511506795883 0 0 0 0.0 0.0 0.0 6334.0 949.0 -970.0 0 0 0 0 0 0 0 0 0 
412 2.0605287551879883 0.20325245708227158 0.1643276959657669 1.0490511506795883 0 0 0 0.0 0.0 0.0 6334.0 949.0 -970.0 0 0 0 0 0 0 0 0 0 
413 2.065462589263916 0.20325245708227158 0.1643276959657669 1.0490511506795883 0 0 0 0.0 0.0 0.0 6334.0 949.0 -970.0 0 0 0 0 0 0 0 0 0 
414 2.0705034732818604 0.20325245708227158 0.1643276959657669 1.0490511506795883 0 0 0 0.0 0.0 0.0 6334.0 949.0 -970.0 0 0 0 0 0 0 0 0 0 
415 2.0754828453063965 0.20325245708227158 0.1643276959657669 1.0490511506795883 0 0 0 0.0 0.0 0.0 6334.0 949.0 -970.0 0 0 0 0 0 0 0 0 0 
416 2.0805063247680664 0.20325245708227158 0.1643276959657669 1.0490511506795883 0 0 0 0.0 0.0 0.0 6334.0 949.0 -970.0 0 0 0 0 0 0 0 0 0 
417 2.085461139678955 0.20325245708227158 0.1643276959657669 1.0490511506795883 0 0 0 0.0 0.0 0.0 6334.0 949.0 -970.0 0 0 0 0 0 0 0 0 0 
418 2.0905044078826904 0.20325245708227158 0.1643276959657669 1.0490511506795883 0 0 0 0.0 0.0 0.0 6334.0 949.0 -970.0 0 0 0 0 0 0 0 0 0 
419 2.095486879348755 0.20325245708227158 0.1643276959657669 1.0490511506795883 0 0 0 0.0 0.0 0.0 6334.0 949.0 -970.0 0 0 0 0 0 0 0 0 0 
420 2.1005282402038574 0.20325245708227158 0.1643276959657669 1.0490511506795883 0 0 0 0.0 0.0 0.0 6334.0 949.0 -970.0 0 0 0 0 0 0 0 0 0 
421 2.1054632663726807 0.20325245708227158 0.1643276959657669 1.0490511506795883 0 0 0 0.0 0.0 0.0 6334.0 949.0 -970.0 0 0 0 0 0 0 0 0 0 
422 2.1105122566223145 0.20325245708227158 0.1643276959657669 1.0490511506795883 0 0 0 0.0 0.0 0.0 6334.0 949.0 -970.0 0 0 0 0 0 0 0 0 0 
423 2.1160128116607666 0.20325245708227158 0.1643276959657669 1.0490511506795883 0 0 0 0.0 0.0 0.0 6334.0 949.0 -970.0 0 0 0 0 0 0 0 0 0 
424 2.120619773864746 0.20325245708227158 0.1643276959657669 1.0490511506795883 0 0 0 0.0 0.0 0.0 6334.0 949.0 -970.0 0 0 0 0 0 0 0 0 0 
425 2.125486135482788 0.20325245708227158 0.1643276959657669 1.0490511506795883 0 0 0 0.0 0.0 0.0 6334.0 949.0 -970.0 0 0 0 0 0 0 0 0 0 
426 2.1305148601531982 0.20325245708227158 0.1643276959657669 1.0490511506795883 0 0 0 0.0 0.0 0.0 6334.0 949.0 -970.0 0 0 0 0 0 0 0 0 0 
427 2.135483741760254 0.20325245708227158 0.1643276959657669 1.0490511506795883 0 0 0 0.0 0.0 0.0 6334.0 949.0 -970.0 0 0 0 0 0 0 0 0 0 
428 2.140495777130127 0.20325245708227158 0.1643276959657669 1.0490511506795883 0 0 0 0.0 0.0 0.0 6334.0 949.0 -970.0 0 0 0 0 0 0 0 0 0 
429 2.145519256591797 0.20325245708227158 0.1643276959657669 1.0490511506795883 0 0 0 0.0 0.0 0.0 6334.0 949.0 -970.0 0 0 0 0 0 0 0 0 0 
430 2.1504833698272705 0.20325245708227158 0.1643276959657669 1.0490511506795883 0 0 0 0.0 0.0 0.0 6334.0 949.0 -970.0 0 0 0 0 0 0 0 0 0 
431 2.1555140018463135 0.20325245708227158 0.1643276959657669 1.0490511506795883 0 0 0 0.0 0.0 0.0 6334.0 949.0 -970.0 0 0 0 0 0 0 0 0 0 
432 2.1604952812194824 0.20325245708227158 0.1643276959657669 1.0490511506795883 0 0 0 0.0 0.0 0.0 6334.0 949.0 -970.0 0 0 0 0 0 0 0 0 0 
433 2.1655123233795166 0.20325245708227158 0.1643276959657669 1.0490511506795883 0 0 0 0.0 0.0 0.0 6334.0 949.0 -970.0 0 0 0 0 0 0 0 0 0 
434 2.1704633235931396 0.20325245708227158 0.1643276959657669 1.0490511506795883 0 0 0 0.0 0.0 0.0 6334.0 949.0 -970.0 0 0 0 0 0 0 0 0 0 
435 2.175535202026367 0.20325245708227158 0.1643276959657669 1.0490511506795883 0 0 0 0.0 0.0 0.0 6334.0 949.0 -970.0 0 0 0 0 0 0 0 0 0 
436 2.1804730892181396 0.20325245708227158 0.1643276959657669 1.0490511506795883 0 0 0 0.0 0.0 0.0 6334.0 949.0 -970.0 0 0 0 0 0 0 0 0 0 
437 2.1855125427246094 0.20325245708227158 0.1643276959657669 1.0490511506795883 0 0 0 0.0 0.0 0.0 6334.0 949.0 -970.0 0 0 0 0 0 0 0 0 0 
438 2.190744638442993 0.20325245708227158 0.1643276959657669 1.0490511506795883 0 0 0 0.0 0.0 0.0 6334.0 949.0 -970.0 0 0 0 0 0 0 0 0 0 
439 2.195499897003174 0.20325245708227158 0.1643276959657669 1.0490511506795883 0 0 0 0.0 0.0 0.0 6334.0 949.0 -970.0 0 0 0 0 0 0 0 0 0 
440 2.2004857063293457 0.20325245708227158 0.1643276959657669 1.0490511506795883 0 0 0 0.0 0.0 0.0 6334.0 949.0 -970.0 0 0 0 0 0 0 0 0 0 
441 2.2055091857910156 0.20325245708227158 0.1643276959657669 1.0490511506795883 0 0 0 0.0 0.0 0.0 6334.0 949.0 -970.0 0 0 0 0 0 0 0 0 0 
442 2.2104742527008057 0.20325245708227158 0.1643276959657669 1.0490511506795883 0 0 0 0.0 0.0 0.0 6334.0 949.0 -970.0 0 0 0 0 0 0 0 0 0 
443 2.215510606765747 0.20325245708227158 0.1643276959657669 1.0490511506795883 0 0 0 0.0 0.0 0.0 6334.0 949.0 -970.0 0 0 0 0 0 0 0 0 0 
444 2.220472574234009 0.20325245708227158 0.1643276959657669 1.0490511506795883 0 0 0 0.0 0.0 0.0 6334.0 949.0 -970.0 0 0 0 0 0 0 0 0 0 
445 2.225512742996216 0.20325245708227158 0.1643276959657669 1.0490511506795883 0 0 0 0.0 0.0 0.0 6334.0 949.0 -970.0 0 0 0 0 0 0 0 0 0 
446 2.2304821014404297 0.20325245708227158 0.1643276959657669 1.0490511506795883 0 0 0 0.0 0.0 0.0 6334.0 949.0 -970.0 0 0 0 0 0 0 0 0 0 
447 2.235506534576416 0.20325245708227158 0.1643276959657669 1.0490511506795883 0 0 0 0.0 0.0 0.0 6334.0 949.0 -970.0 0 0 0 0 0 0 0 0 0 
448 2.240468740463257 0.20325245708227158 0.1643276959657669 1.0490511506795883 0 0 0 0.0 0.0 0.0 6334.0 949.0 -970.0 0 0 0 0 0 0 0 0 0 
449 2.2455170154571533 0.20325245708227158 0.1643276959657669 1.0490511506795883 0 0 0 0.0 0.0 0.0 6334.0 949.0 -970.0 0 0 0 0 0 0 0 0 0 
450 2.250481367111206 0.20325245708227158 0.1643276959657669 1.0490511506795883 0 0 0 0.0 0.0 0.0 6334.0 949.0 -970.0 0 0 0 0 0 0 0 0 0 
451 2.2555129528045654 0.20325245708227158 0.1643276959657669 1.0490511506795883 0 0 0 0.0 0.0 0.0 6334.0 949.0 -970.0 0 0 0 0 0 0 0 0 0 
452 2.2604687213897705 0.20325245708227158 0.1643276959657669 1.0490511506795883 0 0 0 0.0 0.0 0.0 6334.0 949.0 -970.0 0 0 0 0 0 0 0 0 0 
453 2.265554189682007 0.20325245708227158 0.1643276959657669 1.0490511506795883 0 0 0 0.0 0.0 0.0 6334.0 949.0 -970.0 0 0 0 0 0 0 0 0 0 
454 2.270491600036621 0.20325245708227158 0.1643276959657669 1.0490511506795883 0 0 0 0.0 0.0 0.0 6334.0 949.0 -970.0 0 0 0 0 0 0 0 0 0 
455 2.2755138874053955 0.20325245708227158 0.1643276959657669 1.0490511506795883 0 0 0 0.0 0.0 0.0 6334.0 949.0 -970.0 0 0 0 0 0 0 0 0 0 
456 2.280480146408081 0.20325245708227158 0.1643276959657669 1.0490511506795883 0 0 0 0.0 0.0 0.0 6334.0 949.0 -970.0 0 0 0 0 0 0 0 0 0 
457 2.2855172157287598 0.20325245708227158 0.1643276959657669 1.0490511506795883 0 0 0 0.0 0.0 0.0 6334.0 949.0 -970.0 0 0 0 0 0 0 0 0 0 
458 2.2905020713806152 0.20325245708227158 0.1643276959657669 1.0490511506795883 0 0 0 0.0 0.0 0.0 6334.0 949.0 -970.0 0 0 0 0 0 0 0 0 0 
459 2.2957050800323486 0.20325245708227158 0.1643276959657669 1.0490511506795883 0 0 0 0.0 0.0 0.0 6334.0 949.0 -970.0 0 0 0 0 0 0 0 0 0 
460 2.3004705905914307 0.20325245708227158 0.1643276959657669 1.0490511506795883 0 0 0 0.0 0.0 0.0 6334.0 949.0 -970.0 0 0 0 0 0 0 0 0 0 
461 2.3055105209350586 0.20325245708227158 0.1643276959657669 1.0490511506795883 0 0 0 0.0 0.0 0.0 6334.0 949.0 -970.0 0 0 0 0 0 0 0 0 0 
462 2.3104755878448486 0.20325245708227158 0.1643276959657669 1.0490511506795883 0 0 0 0.0 0.0 0.0 6334.0 949.0 -970.0 0 0 0 0 0 0 0 0 0 
463 2.3155150413513184 0.20325245708227158 0.1643276959657669 1.0490511506795883 0 0 0 0.0 0.0 0.0 6334.0 949.0 -970.0 0 0 0 0 0 0 0 0 0 
464 2.320477247238159 0.20325245708227158 0.1643276959657669 1.0490511506795883 0 0 0 0.0 0.0 0.0 6334.0 949.0 -970.0 0 0 0 0 0 0 0 0 0 
465 2.32551908493042 0.20325245708227158 0.1643276959657669 1.0490511506795883 0 0 0 0.0 0.0 0.0 6334.0 949.0 -970.0 0 0 0 0 0 0 0 0 0 
466 2.3304858207702637 0.20325245708227158 0.1643276959657669 1.0490511506795883 0 0 0 0.0 0.0 0.0 6334.0 949.0 -970.0 0 0 0 0 0 0 0 0 0 
467 2.3355162143707275 0.20325245708227158 0.1643276959657669 1.0490511506795883 0 0 0 0.0 0.0 0.0 6334.0 949.0 -970.0 0 0 0 0 0 0 0 0 0 
468 2.3440191745758057 0.20325245708227158 0.1643276959657669 1.0490511506795883 0 0 0 0.0 0.0 0.0 6334.0 949.0 -970.0 0 0 0 0 0 0 0 0 0 
469 2.3456637859344482 0.20325245708227158 0.1643276959657669 1.0490511506795883 0 0 0 0.0 0.0 0.0 6334.0 949.0 -970.0 0 0 0 0 0 0 0 0 0 
470 2.3517961502075195 0.20325245708227158 0.1643276959657669 1.0490511506795883 0 0 0 0.0 0.0 0.0 6334.0 949.0 -970.0 0 0 0 0 0 0 0 0 0 
471 2.3554847240448 0.20325245708227158 0.1643276959657669 1.0490511506795883 0 0 0 0.0 0.0 0.0 6334.0 949.0 -970.0 0 0 0 0 0 0 0 0 0 
472 2.36063814163208 0.20325245708227158 0.1643276959657669 1.0490511506795883 0 0 0 0.0 0.0 0.0 6334.0 949.0 -970.0 0 0 0 0 0 0 0 0 0 
473 2.3655176162719727 0.20325245708227158 0.1643276959657669 1.0490511506795883 0 0 0 0.0 0.0 0.0 6334.0 949.0 -970.0 0 0 0 0 0 0 0 0 0 
474 2.3707387447357178 0.20325245708227158 0.1643276959657669 1.0490511506795883 0 0 0 0.0 0.0 0.0 6334.0 949.0 -970.0 0 0 0 0 0 0 0 0 0 
475 2.3755152225494385 0.20325245708227158 0.1643276959657669 1.0490511506795883 0 0 0 0.0 0.0 0.0 6334.0 949.0 -970.0 0 0 0 0 0 0 0 0 0 
476 2.3804781436920166 0.20325245708227158 0.1643276959657669 1.0490511506795883 0 0 0 0.0 0.0 0.0 6334.0 949.0 -970.0 0 0 0 0 0 0 0 0 0 
477 2.411086320877075 0.20325245708227158 0.1643276959657669 1.0490511506795883 0 0 0 0.0 0.0 0.0 6334.0 949.0 -970.0 0 0 0 0 0 0 0 0 0 
478 2.412686824798584 0.20325245708227158 0.1643276959657669 1.0490511506795883 0 0 0 0.0 0.0 0.0 6334.0 949.0 -970.0 0 0 0 0 0 0 0 0 0 
479 2.41413950920105 0.20325245708227158 0.1643276959657669 1.0490511506795883 0 0 0 0.0 0.0 0.0 6334.0 949.0 -970.0 0 0 0 0 0 0 0 0 0 
480 2.418947219848633 0.20325245708227158 0.1643276959657669 1.0490511506795883 0 0 0 0.0 0.0 0.0 6334.0 949.0 -970.0 0 0 0 0 0 0 0 0 0 
481 2.4228477478027344 0.20325245708227158 0.1643276959657669 1.0490511506795883 0 0 0 0.0 0.0 0.0 6334.0 949.0 -970.0 0 0 0 0 0 0 0 0 0 
482 2.4244120121002197 0.20325245708227158 0.1643276959657669 1.0490511506795883 0 0 0 0.0 0.0 0.0 6334.0 949.0 -970.0 0 0 0 0 0 0 0 0 0 
483 2.4263384342193604 0.20325245708227158 0.1643276959657669 1.0490511506795883 0 0 0 0.0 0.0 0.0 6334.0 949.0 -970.0 0 0 0 0 0 0 0 0 0 
484 2.4279842376708984 0.20325245708227158 0.1643276959657669 1.0490511506795883 0 0 0 0.0 0.0 0.0 6334.0 949.0 -970.0 0 0 0 0 0 0 0 0 0 
485 2.432032823562622 0.20325245708227158 0.1643276959657669 1.0490511506795883 0 0 0 0.0 0.0 0.0 6334.0 949.0 -970.0 0 0 0 0 0 0 0 0 0 
486 2.4346749782562256 0.20325245708227158 0.1643276959657669 1.0490511506795883 0 0 0 0.0 0.0 0.0 6334.0 949.0 -970.0 0 0 0 0 0 0 0 0 0 
487 2.4419100284576416 0.20325245708227158 0.1643276959657669 1.0490511506795883 0 0 0 0.0 0.0 0.0 6334.0 949.0 -970.0 0 0 0 0 0 0 0 0 0 
488 2.4435653686523438 0.20325245708227158 0.1643276959657669 1.0490511506795883 0 0 0 0.0 0.0 0.0 6334.0 949.0 -970.0 0 0 0 0 0 0 0 0 0 
489 2.4454782009124756 0.20325245708227158 0.1643276959657669 1.0490511506795883 0 0 0 0.0 0.0 0.0 6334.0 949.0 -970.0 0 0 0 0 0 0 0 0 0 
490 2.4505109786987305 0.20325245708227158 0.1643276959657669 1.0490511506795883 0 0 0 0.0 0.0 0.0 6334.0 949.0 -970.0 0 0 0 0 0 0 0 0 0 
491 2.4554965496063232 0.20325245708227158 0.1643276959657669 1.0490511506795883 0 0 0 0.0 0.0 0.0 6334.0 949.0 -970.0 0 0 0 0 0 0 0 0 0 
492 2.4605185985565186 0.20325245708227158 0.1643276959657669 1.0490511506795883 0 0 0 0.0 0.0 0.0 6334.0 949.0 -970.0 0 0 0 0 0 0 0 0 0 
493 2.4655227661132812 0.20325245708227158 0.1643276959657669 1.0490511506795883 0 0 0 0.0 0.0 0.0 6334.0 949.0 -970.0 0 0 0 0 0 0 0 0 0 
494 2.4705848693847656 0.20325245708227158 0.1643276959657669 1.0490511506795883 0 0 0 0.0 0.0 0.0 6334.0 949.0 -970.0 0 0 0 0 0 0 0 0 0 
495 2.4754934310913086 0.20325245708227158 0.1643276959657669 1.0490511506795883 0 0 0 0.0 0.0 0.0 6334.0 949.0 -970.0 0 0 0 0 0 0 0 0 0 
496 2.4805307388305664 0.20325245708227158 0.1643276959657669 1.0490511506795883 0 0 0 0.0 0.0 0.0 6334.0 949.0 -970.0 0 0 0 0 0 0 0 0 0 
497 2.4854648113250732 0.20325245708227158 0.1643276959657669 1.0490511506795883 0 0 0 0.0 0.0 0.0 6334.0 949.0 -970.0 0 0 0 0 0 0 0 0 0 
498 2.4905271530151367 0.20325245708227158 0.1643276959657669 1.0490511506795883 0 0 0 0.0 0.0 0.0 6334.0 949.0 -970.0 0 0 0 0 0 0 0 0 0 
499 2.4954822063446045 0.20325245708227158 0.1643276959657669 1.0490511506795883 0 0 0 0.0 0.0 0.0 6334.0 949.0 -970.0 0 0 0 0 0 0 0 0 0 
500 2.5005240440368652 0.20325245708227158 0.1643276959657669 1.0490511506795883 0 0 0 0.0 0.0 0.0 6334.0 949.0 -970.0 0 0 0 0 0 0 0 0 0 
501 2.50557804107666 0.20325245708227158 0.1643276959657669 1.0490511506795883 0 0 0 0.0 0.0 0.0 6334.0 949.0 -970.0 0 0 0 0 0 0 0 0 0 
502 2.5105531215667725 0.20325245708227158 0.1643276959657669 1.0490511506795883 0 0 0 0.0 0.0 0.0 6334.0 949.0 -970.0 0 0 0 0 0 0 0 0 0 
503 2.515503168106079 0.20325245708227158 0.1643276959657669 1.0490511506795883 0 0 0 0.0 0.0 0.0 6334.0 949.0 -970.0 0 0 0 0 0 0 0 0 0 
504 2.520570993423462 0.20325245708227158 0.1643276959657669 1.0490511506795883 0 0 0 0.0 0.0 0.0 6334.0 949.0 -970.0 0 0 0 0 0 0 0 0 0 
505 2.5255985260009766 0.20325245708227158 0.1643276959657669 1.0490511506795883 0 0 0 0.0 0.0 0.0 6334.0 949.0 -970.0 0 0 0 0 0 0 0 0 0 
506 2.5305097103118896 0.20325245708227158 0.1643276959657669 1.0490511506795883 0 0 0 0.0 0.0 0.0 6334.0 949.0 -970.0 0 0 0 0 0 0 0 0 0 
507 2.535480260848999 0.20325245708227158 0.1643276959657669 1.0490511506795883 0 0 0 0.0 0.0 0.0 6334.0 949.0 -970.0 0 0 0 0 0 0 0 0 0 
508 2.540496826171875 0.20325245708227158 0.1643276959657669 1.0490511506795883 0 0 0 0.0 0.0 0.0 6334.0 949.0 -970.0 0 0 0 0 0 0 0 0 0 
509 2.545468807220459 0.20325245708227158 0.1643276959657669 1.0490511506795883 0 0 0 0.0 0.0 0.0 6334.0 949.0 -970.0 0 0 0 0 0 0 0 0 0 
510 2.550492525100708 0.20325245708227158 0.1643276959657669 1.0490511506795883 0 0 0 0.0 0.0 0.0 6334.0 949.0 -970.0 0 0 0 0 0 0 0 0 0 
511 2.555471658706665 0.20325245708227158 0.1643276959657669 1.0490511506795883 0 0 0 0.0 0.0 0.0 6334.0 949.0 -970.0 0 0 0 0 0 0 0 0 0 
512 2.560497283935547 0.20325245708227158 0.1643276959657669 1.0490511506795883 0 0 0 0.0 0.0 0.0 6334.0 949.0 -970.0 0 0 0 0 0 0 0 0 0 
513 2.565492868423462 0.20325245708227158 0.1643276959657669 1.0490511506795883 0 0 0 0.0 0.0 0.0 6334.0 949.0 -970.0 0 0 0 0 0 0 0 0 0 
514 2.5705230236053467 0.20325245708227158 0.1643276959657669 1.0490511506795883 0 0 0 0.0 0.0 0.0 6334.0 949.0 -970.0 0 0 0 0 0 0 0 0 0 
515 2.5755038261413574 0.20325245708227158 0.1643276959657669 1.0490511506795883 0 0 0 0.0 0.0 0.0 6334.0 949.0 -970.0 0 0 0 0 0 0 0 0 0 
516 2.580505132675171 0.20325245708227158 0.1643276959657669 1.0490511506795883 0 0 0 0.0 0.0 0.0 6334.0 949.0 -970.0 0 0 0 0 0 0 0 0 0 
517 2.5855002403259277 0.20325245708227158 0.1643276959657669 1.0490511506795883 0 0 0 0.0 0.0 0.0 6334.0 949.0 -970.0 0 0 0 0 0 0 0 0 0 
518 2.59049916267395 0.20325245708227158 0.1643276959657669 1.0490511506795883 0 0 0 0.0 0.0 0.0 6334.0 949.0 -970.0 0 0 0 0 0 0 0 0 0 
519 2.5954954624176025 0.20325245708227158 0.1643276959657669 1.0490511506795883 0 0 0 0.0 0.0 0.0 6334.0 949.0 -970.0 0 0 0 0 0 0 0 0 0 
520 2.600515365600586 0.20325245708227158 0.1643276959657669 1.0490511506795883 0 0 0 0.0 0.0 0.0 6334.0 949.0 -970.0 0 0 0 0 0 0 0 0 0 
521 2.6054959297180176 0.20325245708227158 0.1643276959657669 1.0490511506795883 0 0 0 0.0 0.0 0.0 6334.0 949.0 -970.0 0 0 0 0 0 0 0 0 0 
522 2.6105148792266846 0.20325245708227158 0.1643276959657669 1.0490511506795883 0 0 0 0.0 0.0 0.0 6334.0 949.0 -970.0 0 0 0 0 0 0 0 0 0 
523 2.6155314445495605 0.20325245708227158 0.1643276959657669 1.0490511506795883 0 0 0 0.0 0.0 0.0 6334.0 949.0 -970.0 0 0 0 0 0 0 0 0 0 
524 2.6205403804779053 0.20325245708227158 0.1643276959657669 1.0490511506795883 0 0 0 0.0 0.0 0.0 6334.0 949.0 -970.0 0 0 0 0 0 0 0 0 0 
525 2.625497579574585 0.20325245708227158 0.1643276959657669 1.0490511506795883 0 0 0 0.0 0.0 0.0 6334.0 949.0 -970.0 0 0 0 0 0 0 0 0 0 
526 2.630512237548828 0.20325245708227158 0.1643276959657669 1.0490511506795883 0 0 0 0.0 0.0 0.0 6334.0 949.0 -970.0 0 0 0 0 0 0 0 0 0 
527 2.635474920272827 0.20325245708227158 0.1643276959657669 1.0490511506795883 0 0 0 0.0 0.0 0.0 6334.0 949.0 -970.0 0 0 0 0 0 0 0 0 0 
528 2.6438803672790527 0.20325245708227158 0.1643276959657669 1.0490511506795883 0 0 0 0.0 0.0 0.0 6334.0 949.0 -970.0 0 0 0 0 0 0 0 0 0 
529 2.645878791809082 0.20325245708227158 0.1643276959657669 1.0490511506795883 0 0 0 0.0 0.0 0.0 6334.0 949.0 -970.0 0 0 0 0 0 0 0 0 0 
530 2.650477647781372 0.20325245708227158 0.1643276959657669 1.0490511506795883 0 0 0 0.0 0.0 0.0 6334.0 949.0 -970.0 0 0 0 0 0 0 0 0 0 
531 2.6554813385009766 0.20325245708227158 0.1643276959657669 1.0490511506795883 0 0 0 0.0 0.0 0.0 6334.0 949.0 -970.0 0 0 0 0 0 0 0 0 0 
532 2.660507917404175 0.20325245708227158 0.1643276959657669 1.0490511506795883 0 0 0 0.0 0.0 0.0 6334.0 949.0 -970.0 0 0 0 0 0 0 0 0 0 
533 2.665513038635254 0.20325245708227158 0.1643276959657669 1.0490511506795883 0 0 0 0.0 0.0 0.0 6334.0 949.0 -970.0 0 0 0 0 0 0 0 0 0 
534 2.6704823970794678 0.20325245708227158 0.1643276959657669 1.0490511506795883 0 0 0 0.0 0.0 0.0 6334.0 949.0 -970.0 0 0 0 0 0 0 0 0 0 
535 2.6755378246307373 0.20325245708227158 0.1643276959657669 1.0490511506795883 0 0 0 0.0 0.0 0.0 6334.0 949.0 -970.0 0 0 0 0 0 0 0 0 0 
536 2.6805624961853027 0.20325245708227158 0.1643276959657669 1.0490511506795883 0 0 0 0.0 0.0 0.0 6334.0 949.0 -970.0 0 0 0 0 0 0 0 0 0 
537 2.685530424118042 0.20325245708227158 0.1643276959657669 1.0490511506795883 0 0 0 0.0 0.0 0.0 6334.0 949.0 -970.0 0 0 0 0 0 0 0 0 0 
538 2.6905813217163086 0.20325245708227158 0.1643276959657669 1.0490511506795883 0 0 0 0.0 0.0 0.0 6334.0 949.0 -970.0 0 0 0 0 0 0 0 0 0 
539 2.695542335510254 0.20325245708227158 0.1643276959657669 1.0490511506795883 0 0 0 0.0 0.0 0.0 6334.0 949.0 -970.0 0 0 0 0 0 0 0 0 0 
540 2.7027902603149414 0.20325245708227158 0.1643276959657669 1.0490511506795883 0 0 0 0.0 0.0 0.0 6334.0 949.0 -970.0 0 0 0 0 0 0 0 0 0 
541 2.705878257751465 0.20325245708227158 0.1643276959657669 1.0490511506795883 0 0 0 0.0 0.0 0.0 6334.0 949.0 -970.0 0 0 0 0 0 0 0 0 0 
542 2.7105185985565186 0.20325245708227158 0.1643276959657669 1.0490511506795883 0 0 0 0.0 0.0 0.0 6334.0 949.0 -970.0 0 0 0 0 0 0 0 0 0 
543 2.7214951515197754 0.20325245708227158 0.1643276959657669 1.0490511506795883 0 0 0 0.0 0.0 0.0 6334.0 949.0 -970.0 0 0 0 0 0 0 0 0 0 
544 2.726452589035034 0.20325245708227158 0.1643276959657669 1.0490511506795883 0 0 0 0.0 0.0 0.0 6334.0 949.0 -970.0 0 0 0 0 0 0 0 0 0 
545 2.7281458377838135 0.20325245708227158 0.1643276959657669 1.0490511506795883 0 0 0 0.0 0.0 0.0 6334.0 949.0 -970.0 0 0 0 0 0 0 0 0 0 
546 2.7372162342071533 0.20325245708227158 0.1643276959657669 1.0490511506795883 0 0 0 0.0 0.0 0.0 6334.0 949.0 -970.0 0 0 0 0 0 0 0 0 0 
547 2.7419471740722656 0.20325245708227158 0.1643276959657669 1.0490511506795883 0 0 0 0.0 0.0 0.0 6334.0 949.0 -970.0 0 0 0 0 0 0 0 0 0 
548 2.7438230514526367 0.20325245708227158 0.1643276959657669 1.0490511506795883 0 0 0 0.0 0.0 0.0 6334.0 949.0 -970.0 0 0 0 0 0 0 0 0 0 
549 2.7471814155578613 0.20325245708227158 0.1643276959657669 1.0490511506795883 0 0 0 0.0 0.0 0.0 6334.0 949.0 -970.0 0 0 0 0 0 0 0 0 0 
550 2.754884958267212 0.20325245708227158 0.1643276959657669 1.0490511506795883 0 0 0 0.0 0.0 0.0 6334.0 949.0 -970.0 0 0 0 0 0 0 0 0 0 
551 2.7568554878234863 0.20325245708227158 0.1643276959657669 1.0490511506795883 0 0 0 0.0 0.0 0.0 6334.0 949.0 -970.0 0 0 0 0 0 0 0 0 0 
552 2.7605490684509277 0.20325245708227158 0.1643276959657669 1.0490511506795883 0 0 0 0.0 0.0 0.0 6334.0 949.0 -970.0 0 0 0 0 0 0 0 0 0 
553 2.7655417919158936 0.20325245708227158 0.1643276959657669 1.0490511506795883 0 0 0 0.0 0.0 0.0 6334.0 949.0 -970.0 0 0 0 0 0 0 0 0 0 
554 2.7705159187316895 0.20325245708227158 0.1643276959657669 1.0490511506795883 0 0 0 0.0 0.0 0.0 6334.0 949.0 -970.0 0 0 0 0 0 0 0 0 0 
555 2.7754874229431152 0.20325245708227158 0.1643276959657669 1.0490511506795883 0 0 0 0.0 0.0 0.0 6334.0 949.0 -970.0 0 0 0 0 0 0 0 0 0 
556 2.780498743057251 0.20325245708227158 0.1643276959657669 1.0490511506795883 0 0 0 0.0 0.0 0.0 6334.0 949.0 -970.0 0 0 0 0 0 0 0 0 0 
557 2.785490036010742 0.20325245708227158 0.1643276959657669 1.0490511506795883 0 0 0 0.0 0.0 0.0 6334.0 949.0 -970.0 0 0 0 0 0 0 0 0 0 
558 2.7904956340789795 0.20325245708227158 0.1643276959657669 1.0490511506795883 0 0 0 0.0 0.0 0.0 6334.0 949.0 -970.0 0 0 0 0 0 0 0 0 0 
559 2.795508861541748 0.20325245708227158 0.1643276959657669 1.0490511506795883 0 0 0 0.0 0.0 0.0 6334.0 949.0 -970.0 0 0 0 0 0 0 0 0 0 
560 2.800489902496338 0.20325245708227158 0.1643276959657669 1.0490511506795883 0 0 0 0.0 0.0 0.0 6334.0 949.0 -970.0 0 0 0 0 0 0 0 0 0 
561 2.8055078983306885 0.20325245708227158 0.1643276959657669 1.0490511506795883 0 0 0 0.0 0.0 0.0 6334.0 949.0 -970.0 0 0 0 0 0 0 0 0 0 
562 2.810480833053589 0.20325245708227158 0.1643276959657669 1.0490511506795883 0 0 0 0.0 0.0 0.0 6334.0 949.0 -970.0 0 0 0 0 0 0 0 0 0 
563 2.8154966831207275 0.20325245708227158 0.1643276959657669 1.0490511506795883 0 0 0 0.0 0.0 0.0 6334.0 949.0 -970.0 0 0 0 0 0 0 0 0 0 
564 2.8204915523529053 0.20325245708227158 0.1643276959657669 1.0490511506795883 0 0 0 0.0 0.0 0.0 6334.0 949.0 -970.0 0 0 0 0 0 0 0 0 0 
565 2.82550311088562 0.20325245708227158 0.1643276959657669 1.0490511506795883 0 0 0 0.0 0.0 0.0 6334.0 949.0 -970.0 0 0 0 0 0 0 0 0 0 
566 2.8304824829101562 0.20325245708227158 0.1643276959657669 1.0490511506795883 0 0 0 0.0 0.0 0.0 6334.0 949.0 -970.0 0 0 0 0 0 0 0 0 0 
567 2.835500478744507 0.20325245708227158 0.1643276959657669 1.0490511506795883 0 0 0 0.0 0.0 0.0 6334.0 949.0 -970.0 0 0 0 0 0 0 0 0 0 
568 2.840618848800659 0.20325245708227158 0.1643276959657669 1.0490511506795883 0 0 0 0.0 0.0 0.0 6334.0 949.0 -970.0 0 0 0 0 0 0 0 0 0 
569 2.8454790115356445 0.20325245708227158 0.1643276959657669 1.0490511506795883 0 0 0 0.0 0.0 0.0 6334.0 949.0 -970.0 0 0 0 0 0 0 0 0 0 
570 2.85050368309021 0.20325245708227158 0.1643276959657669 1.0490511506795883 0 0 0 0.0 0.0 0.0 6334.0 949.0 -970.0 0 0 0 0 0 0 0 0 0 
571 2.85548996925354 0.20325245708227158 0.1643276959657669 1.0490511506795883 0 0 0 0.0 0.0 0.0 6334.0 949.0 -970.0 0 0 0 0 0 0 0 0 0 
572 2.860700845718384 0.20325245708227158 0.1643276959657669 1.0490511506795883 0 0 0 0.0 0.0 0.0 6334.0 949.0 -970.0 0 0 0 0 0 0 0 0 0 
573 2.8655073642730713 0.20325245708227158 0.1643276959657669 1.0490511506795883 0 0 0 0.0 0.0 0.0 6334.0 949.0 -970.0 0 0 0 0 0 0 0 0 0 
574 2.8705005645751953 0.20325245708227158 0.1643276959657669 1.0490511506795883 0 0 0 0.0 0.0 0.0 6334.0 949.0 -970.0 0 0 0 0 0 0 0 0 0 
575 2.8755106925964355 0.20325245708227158 0.1643276959657669 1.0490511506795883 0 0 0 0.0 0.0 0.0 6334.0 949.0 -970.0 0 0 0 0 0 0 0 0 0 
576 2.880507469177246 0.20325245708227158 0.1643276959657669 1.0490511506795883 0 0 0 0.0 0.0 0.0 6334.0 949.0 -970.0 0 0 0 0 0 0 0 0 0 
577 2.8856163024902344 0.20325245708227158 0.1643276959657669 1.0490511506795883 0 0 0 0.0 0.0 0.0 6334.0 949.0 -970.0 0 0 0 0 0 0 0 0 0 
578 2.890488624572754 0.20325245708227158 0.1643276959657669 1.0490511506795883 0 0 0 0.0 0.0 0.0 6334.0 949.0 -970.0 0 0 0 0 0 0 0 0 0 
579 2.8955044746398926 0.20325245708227158 0.1643276959657669 1.0490511506795883 0 0 0 0.0 0.0 0.0 6334.0 949.0 -970.0 0 0 0 0 0 0 0 0 0 
580 2.900479555130005 0.20325245708227158 0.1643276959657669 1.0490511506795883 0 0 0 0.0 0.0 0.0 6334.0 949.0 -970.0 0 0 0 0 0 0 0 0 0 
581 2.905517101287842 0.20325245708227158 0.1643276959657669 1.0490511506795883 0 0 0 0.0 0.0 0.0 6334.0 949.0 -970.0 0 0 0 0 0 0 0 0 0 
582 2.9105145931243896 0.20325245708227158 0.1643276959657669 1.0490511506795883 0 0 0 0.0 0.0 0.0 6334.0 949.0 -970.0 0 0 0 0 0 0 0 0 0 

