i t_now x_val y_val Tx Ty Tz T1 T2 T3 psi_1 psi_2 psi_3 Tix Tiy 
1 0.005609273910522461 -0.00019174069166183472 0.0 0 0 0 0.0 0.0 0.0 -85994.0 10089.0 30189.0 0 0 
2 0.010590791702270508 -0.00019174069166183472 0.0 0 0 0 0.0 0.0 0.0 -85994.0 10089.0 30189.0 0 0 
3 0.01556253433227539 -0.00019174069166183472 0.0 0 0 0 0.0 0.0 0.0 -85994.0 10089.0 30189.0 0 0 
4 0.02060556411743164 -0.00019174069166183472 0.0 0 0 0 0.0 0.0 0.0 -85994.0 10089.0 30189.0 0 0 
5 0.025603532791137695 -0.00019174069166183472 0.0 0 0 0 0.0 0.0 0.0 -85994.0 10089.0 30189.0 0 0 
6 0.031035184860229492 -0.00019174069166183472 0.0 0 0 0 0.0 0.0 0.0 -85994.0 10089.0 30189.0 0 0 
7 0.03556990623474121 -0.00019174069166183472 0.0 0 0 0 0.0 0.0 0.0 -85994.0 10089.0 30189.0 0 0 
8 0.04056668281555176 -0.00019174069166183472 0.0 0 0 0 0.0 0.0 0.0 -85994.0 10089.0 30189.0 0 0 
9 0.0455632209777832 -0.00019174069166183472 0.0 0 0 0 0.0 0.0 0.0 -85994.0 10089.0 30189.0 0 0 
10 0.050582170486450195 -0.00019174069166183472 0.0 0 0 0 0.0 0.0 0.0 -85994.0 10089.0 30189.0 0 0 
11 0.05550956726074219 -0.00019174069166183472 0.0 0 0 0 0.0 0.0 0.0 -85994.0 10089.0 30189.0 0 0 
12 0.06055426597595215 -0.00019174069166183472 0.0 0 0 0 0.0 0.0 0.0 -85994.0 10089.0 30189.0 0 0 
13 0.06618666648864746 -0.00019174069166183472 0.0 0 0 0 0.0 0.0 0.0 -85994.0 10089.0 30189.0 0 0 
14 0.07051801681518555 -0.00019174069166183472 0.0 0 0 0 0.0 0.0 0.0 -85994.0 10089.0 30189.0 0 0 
15 0.07553362846374512 -0.00019174069166183472 0.0 0 0 0 0.0 0.0 0.0 -85994.0 10089.0 30189.0 0 0 
16 0.08049774169921875 -0.00019174069166183472 0.0 0 0 0 0.0 0.0 0.0 -85994.0 10089.0 30189.0 0 0 
17 0.08553528785705566 -0.00019174069166183472 0.0 0 0 0 0.0 0.0 0.0 -85994.0 10089.0 30189.0 0 0 
18 0.09042119979858398 -0.00019174069166183472 0.0 0 0 0 0.0 0.0 0.0 -85994.0 10089.0 30189.0 0 0 
19 0.09540963172912598 -0.00019174069166183472 0.0 0 0 0 0.0 0.0 0.0 -85994.0 10089.0 30189.0 0 0 
20 0.10043907165527344 -0.00019174069166183472 0.0 0 0 0 0.0 0.0 0.0 -85994.0 10089.0 30189.0 0 0 
21 0.10552310943603516 -0.00019174069166183472 0.0 0 0 0 0.0 0.0 0.0 -85994.0 10089.0 30189.0 0 0 
22 0.1116938591003418 -0.00019174069166183472 0.0 0 0 0 0.0 0.0 0.0 -85994.0 10089.0 30189.0 0 0 
23 0.11544489860534668 -0.00019174069166183472 0.0 0 0 0 0.0 0.0 0.0 -85994.0 10089.0 30189.0 0 0 
24 0.12040495872497559 -0.00019174069166183472 0.0 0 0 0 0.0 0.0 0.0 -85994.0 10089.0 30189.0 0 0 
25 0.12538433074951172 -0.00019174069166183472 0.0 0 0 0 0.0 0.0 0.0 -85994.0 10089.0 30189.0 0 0 
26 0.13039064407348633 -0.00019174069166183472 0.0 0 0 0 0.0 0.0 0.0 -85994.0 10089.0 30189.0 0 0 
27 0.1353759765625 -0.00019174069166183472 0.0 0 0 0 0.0 0.0 0.0 -85994.0 10089.0 30189.0 0 0 
28 0.14037847518920898 -0.00019174069166183472 0.0 0 0 0 0.0 0.0 0.0 -85994.0 10089.0 30189.0 0 0 
29 0.14537882804870605 -0.00019174069166183472 0.0 0 0 0 0.0 0.0 0.0 -85994.0 10089.0 30189.0 0 0 
30 0.15041565895080566 -0.00019174069166183472 0.0 0 0 0 0.0 0.0 0.0 -85994.0 10089.0 30189.0 0 0 
31 0.15537667274475098 -0.00019174069166183472 0.0 0 0 0 0.0 0.0 0.0 -85994.0 10089.0 30189.0 0 0 
32 0.16039299964904785 -0.00019174069166183472 0.0 0 0 0 0.0 0.0 0.0 -85994.0 10089.0 30189.0 0 0 
33 0.16538357734680176 -0.00019174069166183472 0.0 0 0 0 0.0 0.0 0.0 -85994.0 10089.0 30189.0 0 0 
34 0.17037749290466309 -0.00019174069166183472 0.0 0 0 0 0.0 0.0 0.0 -85994.0 10089.0 30189.0 0 0 
35 0.1753830909729004 -0.00019174069166183472 0.0 0 0 0 0.0 0.0 0.0 -85994.0 10089.0 30189.0 0 0 
36 0.18038201332092285 -0.00019174069166183472 0.0 0 0 0 0.0 0.0 0.0 -85994.0 10089.0 30189.0 0 0 
37 0.18541669845581055 -0.00019174069166183472 0.0 0 0 0 0.0 0.0 0.0 -85994.0 10089.0 30189.0 0 0 
38 0.19041895866394043 -0.00019174069166183472 0.0 0 0 0 0.0 0.0 0.0 -85994.0 10089.0 30189.0 0 0 
39 0.19537615776062012 -0.00019174069166183472 0.0 0 0 0 0.0 0.0 0.0 -85994.0 10089.0 30189.0 0 0 
40 0.20050978660583496 -0.00019174069166183472 0.0 0 0 0 0.0 0.0 0.0 -85994.0 10089.0 30189.0 0 0 
41 0.2053816318511963 -0.00019174069166183472 0.0 0 0 0 0.0 0.0 0.0 -85994.0 10089.0 30189.0 0 0 
42 0.21039366722106934 -0.00019174069166183472 0.0 0 0 0 0.0 0.0 0.0 -85994.0 10089.0 30189.0 0 0 
43 0.2153782844543457 -0.00019174069166183472 0.0 0 0 0 0.0 0.0 0.0 -85994.0 10089.0 30189.0 0 0 
44 0.2203822135925293 -0.00019174069166183472 0.0 0 0 0 0.0 0.0 0.0 -85994.0 10089.0 30189.0 0 0 
45 0.22537708282470703 -0.00019174069166183472 0.0 0 0 0 0.0 0.0 0.0 -85994.0 10089.0 30189.0 0 0 
46 0.23037958145141602 -0.00019174069166183472 0.0 0 0 0 0.0 0.0 0.0 -85994.0 10089.0 30189.0 0 0 
47 0.23539042472839355 -0.00019174069166183472 0.0 0 0 0 0.0 0.0 0.0 -85994.0 10089.0 30189.0 0 0 
48 0.2404170036315918 -0.00019174069166183472 0.0 0 0 0 0.0 0.0 0.0 -85994.0 10089.0 30189.0 0 0 
49 0.2453768253326416 -0.00019174069166183472 0.0 0 0 0 0.0 0.0 0.0 -85994.0 10089.0 30189.0 0 0 
50 0.2504150867462158 -0.00019174069166183472 0.0 0 0 0 0.0 0.0 0.0 -85994.0 10089.0 30189.0 0 0 
51 0.25537610054016113 -0.00019174069166183472 0.0 0 0 0 0.0 0.0 0.0 -85994.0 10089.0 30189.0 0 0 
52 0.2604496479034424 -0.00019174069166183472 0.0 0 0 0 0.0 0.0 0.0 -85994.0 10089.0 30189.0 0 0 
53 0.2653932571411133 -0.00019174069166183472 0.0 0 0 0 0.0 0.0 0.0 -85994.0 10089.0 30189.0 0 0 
54 0.2703828811645508 -0.00019174069166183472 0.0 0 0 0 0.0 0.0 0.0 -85994.0 10089.0 30189.0 0 0 
55 0.27538609504699707 -0.00019174069166183472 0.0 0 0 0 0.0 0.0 0.0 -85994.0 10089.0 30189.0 0 0 
56 0.28041911125183105 -0.00019174069166183472 0.0 0 0 0 0.0 0.0 0.0 -85994.0 10089.0 30189.0 0 0 
57 0.2854170799255371 -0.00019174069166183472 0.0 0 0 0 0.0 0.0 0.0 -85994.0 10089.0 30189.0 0 0 
58 0.29038000106811523 -0.00019174069166183472 0.0 0 0 0 0.0 0.0 0.0 -85994.0 10089.0 30189.0 0 0 
59 0.295382022857666 -0.00019174069166183472 0.0 0 0 0 0.0 0.0 0.0 -85994.0 10089.0 30189.0 0 0 
60 0.3004117012023926 -0.00019174069166183472 0.0 0 0 0 0.0 0.0 0.0 -85994.0 10089.0 30189.0 0 0 
61 0.30538249015808105 -0.00019174069166183472 0.0 0 0 0 0.0 0.0 0.0 -85994.0 10089.0 30189.0 0 0 
62 0.3103806972503662 -0.00019174069166183472 0.0 0 0 0 0.0 0.0 0.0 -85994.0 10089.0 30189.0 0 0 
63 0.3154270648956299 -0.00019174069166183472 0.0 0 0 0 0.0 0.0 0.0 -85994.0 10089.0 30189.0 0 0 
64 0.32042551040649414 -0.00019174069166183472 0.0 0 0 0 0.0 0.0 0.0 -85994.0 10089.0 30189.0 0 0 
65 0.32541680335998535 -0.00019174069166183472 0.0 0 0 0 0.0 0.0 0.0 -85994.0 10089.0 30189.0 0 0 
66 0.3303864002227783 -0.00019174069166183472 0.0 0 0 0 0.0 0.0 0.0 -85994.0 10089.0 30189.0 0 0 
67 0.33539891242980957 -0.00019174069166183472 0.0 0 0 0 0.0 0.0 0.0 -85994.0 10089.0 30189.0 0 0 
68 0.3404238224029541 -0.00019174069166183472 0.0 0 0 0 0.0 0.0 0.0 -85994.0 10089.0 30189.0 0 0 
69 0.34539341926574707 -0.00019174069166183472 0.0 0 0 0 0.0 0.0 0.0 -85994.0 10089.0 30189.0 0 0 
70 0.3503916263580322 -0.00019174069166183472 0.0 0 0 0 0.0 0.0 0.0 -85994.0 10089.0 30189.0 0 0 
71 0.35542821884155273 -0.00019174069166183472 0.0 0 0 0 0.0 0.0 0.0 -85994.0 10089.0 30189.0 0 0 
72 0.3603963851928711 -0.00019174069166183472 0.0 0 0 0 0.0 0.0 0.0 -85994.0 10089.0 30189.0 0 0 
73 0.36539506912231445 -0.00019174069166183472 0.0 0 0 0 0.0 0.0 0.0 -85994.0 10089.0 30189.0 0 0 
74 0.3703889846801758 -0.00019174069166183472 0.0 0 0 0 0.0 0.0 0.0 -85994.0 10089.0 30189.0 0 0 
75 0.37543153762817383 -0.00019174069166183472 0.0 0 0 0 0.0 0.0 0.0 -85994.0 10089.0 30189.0 0 0 
76 0.3803889751434326 -0.00019174069166183472 0.0 0 0 0 0.0 0.0 0.0 -85994.0 10089.0 30189.0 0 0 
77 0.3853907585144043 -0.00019174069166183472 0.0 0 0 0 0.0 0.0 0.0 -85994.0 10089.0 30189.0 0 0 
78 0.3904385566711426 -0.00019174069166183472 0.0 0 0 0 0.0 0.0 0.0 -85994.0 10089.0 30189.0 0 0 
79 0.3954005241394043 -0.00019174069166183472 0.0 0 0 0 0.0 0.0 0.0 -85994.0 10089.0 30189.0 0 0 
80 0.4004018306732178 -0.00019174069166183472 0.0 0 0 0 0.0 0.0 0.0 -85994.0 10089.0 30189.0 0 0 
81 0.4054288864135742 -0.00019174069166183472 0.0 0 0 0 0.0 0.0 0.0 -85994.0 10089.0 30189.0 0 0 
82 0.4104115962982178 -0.00019174069166183472 0.0 0 0 0 0.0 0.0 0.0 -85994.0 10089.0 30189.0 0 0 
83 0.4154069423675537 -0.00019174069166183472 0.0 0 0 0 0.0 0.0 0.0 -85994.0 10089.0 30189.0 0 0 
84 0.42039918899536133 -0.00019174069166183472 0.0 0 0 0 0.0 0.0 0.0 -85994.0 10089.0 30189.0 0 0 
85 0.4254324436187744 -0.00019174069166183472 0.0 0 0 0 0.0 0.0 0.0 -85994.0 10089.0 30189.0 0 0 
86 0.43041563034057617 -0.00019174069166183472 0.0 0 0 0 0.0 0.0 0.0 -85994.0 10089.0 30189.0 0 0 
87 0.43538570404052734 -0.00019174069166183472 0.0 0 0 0 0.0 0.0 0.0 -85994.0 10089.0 30189.0 0 0 
88 0.4403998851776123 -0.00019174069166183472 0.0 0 0 0 0.0 0.0 0.0 -85994.0 10089.0 30189.0 0 0 
89 0.44539976119995117 -0.00019174069166183472 0.0 0 0 0 0.0 0.0 0.0 -85994.0 10089.0 30189.0 0 0 
90 0.4504270553588867 -0.00019174069166183472 0.0 0 0 0 0.0 0.0 0.0 -85994.0 10089.0 30189.0 0 0 
91 0.45539045333862305 -0.00019174069166183472 0.0 0 0 0 0.0 0.0 0.0 -85994.0 10089.0 30189.0 0 0 
92 0.4604313373565674 -0.00019174069166183472 0.0 0 0 0 0.0 0.0 0.0 -85994.0 10089.0 30189.0 0 0 
93 0.46550536155700684 -0.00019174069166183472 0.0 0 0 0 0.0 0.0 0.0 -85994.0 10089.0 30189.0 0 0 
94 0.47043919563293457 -0.00019174069166183472 0.0 0 0 0 0.0 0.0 0.0 -85994.0 10089.0 30189.0 0 0 
95 0.475388765335083 -0.00019174069166183472 0.0 0 0 0 0.0 0.0 0.0 -85994.0 10089.0 30189.0 0 0 
96 0.4803926944732666 -0.00019174069166183472 0.0 0 0 0 0.0 0.0 0.0 -85994.0 10089.0 30189.0 0 0 
97 0.48540568351745605 -0.00019174069166183472 0.0 0 0 0 0.0 0.0 0.0 -85994.0 10089.0 30189.0 0 0 
98 0.4903991222381592 -0.00019174069166183472 0.0 0 0 0 0.0 0.0 0.0 -85994.0 10089.0 30189.0 0 0 
99 0.49543142318725586 -0.00019174069166183472 0.0 0 0 0 0.0 0.0 0.0 -85994.0 10089.0 30189.0 0 0 
100 0.5003969669342041 -0.00019174069166183472 0.0 0 0 0 0.0 0.0 0.0 -85994.0 10089.0 30189.0 0 0 
101 0.5054416656494141 -0.00019174069166183472 0.0 0 0 0 0.0 0.0 0.0 -85994.0 10089.0 30189.0 0 0 
102 0.5103826522827148 -0.00019174069166183472 0.0 0 0 0 0.0 0.0 0.0 -85994.0 10089.0 30189.0 0 0 
103 0.515416145324707 -0.00019174069166183472 0.0 0 0 0 0.0 0.0 0.0 -85994.0 10089.0 30189.0 0 0 
104 0.5204052925109863 -0.00019174069166183472 0.0 0 0 0 0.0 0.0 0.0 -85994.0 10089.0 30189.0 0 0 
105 0.5254249572753906 -0.00019174069166183472 0.0 0 0 0 0.0 0.0 0.0 -85994.0 10089.0 30189.0 0 0 
106 0.5304162502288818 -0.00019174069166183472 0.0 0 0 0 0.0 0.0 0.0 -85994.0 10089.0 30189.0 0 0 
107 0.5354082584381104 -0.00019174069166183472 0.0 0 0 0 0.0 0.0 0.0 -85994.0 10089.0 30189.0 0 0 
108 0.5403916835784912 -0.00019174069166183472 0.0 0 0 0 0.0 0.0 0.0 -85994.0 10089.0 30189.0 0 0 
109 0.5453939437866211 -0.00019174069166183472 0.0 0 0 0 0.0 0.0 0.0 -85994.0 10089.0 30189.0 0 0 
110 0.5504248142242432 -0.00019174069166183472 0.0 0 0 0 0.0 0.0 0.0 -85994.0 10089.0 30189.0 0 0 
111 0.5554049015045166 -0.00019174069166183472 0.0 0 0 0 0.0 0.0 0.0 -85994.0 10089.0 30189.0 0 0 
112 0.5604639053344727 -0.00019174069166183472 0.0 0 0 0 0.0 0.0 0.0 -85994.0 10089.0 30189.0 0 0 
113 0.565387487411499 -0.00019174069166183472 0.0 0 0 0 0.0 0.0 0.0 -85994.0 10089.0 30189.0 0 0 
114 0.5704293251037598 -0.00019174069166183472 0.0 0 0 0 0.0 0.0 0.0 -85994.0 10089.0 30189.0 0 0 
115 0.5753931999206543 -0.00019174069166183472 0.0 0 0 0 0.0 0.0 0.0 -85994.0 10089.0 30189.0 0 0 
116 0.5804178714752197 -0.00019174069166183472 0.0 0 0 0 0.0 0.0 0.0 -85994.0 10089.0 30189.0 0 0 
117 0.5853903293609619 -0.00019174069166183472 0.0 0 0 0 0.0 0.0 0.0 -85994.0 10089.0 30189.0 0 0 
118 0.5904285907745361 -0.00019174069166183472 0.0 0 0 0 0.0 0.0 0.0 -85994.0 10089.0 30189.0 0 0 
119 0.5954122543334961 -0.00019174069166183472 0.0 0 0 0 0.0 0.0 0.0 -85994.0 10089.0 30189.0 0 0 
120 0.600426197052002 -0.00019174069166183472 0.0 0 0 0 0.0 0.0 0.0 -85994.0 10089.0 30189.0 0 0 
121 0.6053845882415771 -0.00019174069166183472 0.0 0 0 0 0.0 0.0 0.0 -85994.0 10089.0 30189.0 0 0 
122 0.6104555130004883 -0.00019174069166183472 0.0 0 0 0 0.0 0.0 0.0 -85994.0 10089.0 30189.0 0 0 
123 0.6154003143310547 -0.00019174069166183472 0.0 0 0 0 0.0 0.0 0.0 -85994.0 10089.0 30189.0 0 0 
124 0.6204307079315186 -0.00019174069166183472 0.0 0 0 0 0.0 0.0 0.0 -85994.0 10089.0 30189.0 0 0 
125 0.6253931522369385 -0.00019174069166183472 0.0 0 0 0 0.0 0.0 0.0 -85994.0 10089.0 30189.0 0 0 
126 0.6304080486297607 -0.00019174069166183472 0.0 0 0 0 0.0 0.0 0.0 -85994.0 10089.0 30189.0 0 0 
127 0.6354012489318848 -0.00019174069166183472 0.0 0 0 0 0.0 0.0 0.0 -85994.0 10089.0 30189.0 0 0 
128 0.6403999328613281 -0.00019174069166183472 0.0 0 0 0 0.0 0.0 0.0 -85994.0 10089.0 30189.0 0 0 
129 0.6455614566802979 -0.00019174069166183472 0.0 0 0 0 0.0 0.0 0.0 -85994.0 10089.0 30189.0 0 0 
130 0.6504063606262207 -0.00019174069166183472 0.0 0 0 0 0.0 0.0 0.0 -85994.0 10089.0 30189.0 0 0 
131 0.6554179191589355 -0.00019174069166183472 0.0 0 0 0 0.0 0.0 0.0 -85994.0 10089.0 30189.0 0 0 
132 0.6603927612304688 -0.00019174069166183472 0.0 0 0 0 0.0 0.0 0.0 -85994.0 10089.0 30189.0 0 0 
133 0.6654305458068848 -0.00019174069166183472 0.0 0 0 0 0.0 0.0 0.0 -85994.0 10089.0 30189.0 0 0 
134 0.6703863143920898 -0.00019174069166183472 0.0 0 0 0 0.0 0.0 0.0 -85994.0 10089.0 30189.0 0 0 
135 0.6754305362701416 -0.00019174069166183472 0.0 0 0 0 0.0 0.0 0.0 -85994.0 10089.0 30189.0 0 0 
136 0.6803932189941406 -0.00019174069166183472 0.0 0 0 0 0.0 0.0 0.0 -85994.0 10089.0 30189.0 0 0 
137 0.6854357719421387 -0.00019174069166183472 0.0 0 0 0 0.0 0.0 0.0 -85994.0 10089.0 30189.0 0 0 
138 0.6904454231262207 -0.00019174069166183472 0.0 0 0 0 0.0 0.0 0.0 -85994.0 10089.0 30189.0 0 0 
139 0.6953985691070557 -0.00019174069166183472 0.0 0 0 0 0.0 0.0 0.0 -85994.0 10089.0 30189.0 0 0 
140 0.7004172801971436 -0.00019174069166183472 0.0 0 0 0 0.0 0.0 0.0 -85994.0 10089.0 30189.0 0 0 
141 0.7053885459899902 -0.00019174069166183472 0.0 0 0 0 0.0 0.0 0.0 -85994.0 10089.0 30189.0 0 0 
142 0.7104408740997314 -0.00019174069166183472 0.0 0 0 0 0.0 0.0 0.0 -85994.0 10089.0 30189.0 0 0 
143 0.7154214382171631 -0.00019174069166183472 0.0 0 0 0 0.0 0.0 0.0 -85994.0 10089.0 30189.0 0 0 
144 0.7204148769378662 -0.00019174069166183472 0.0 0 0 0 0.0 0.0 0.0 -85994.0 10089.0 30189.0 0 0 
145 0.7254300117492676 -0.00019174069166183472 0.0 0 0 0 0.0 0.0 0.0 -85994.0 10089.0 30189.0 0 0 
146 0.73040771484375 -0.00019174069166183472 0.0 0 0 0 0.0 0.0 0.0 -85994.0 10089.0 30189.0 0 0 
147 0.7353980541229248 -0.00019174069166183472 0.0 0 0 0 0.0 0.0 0.0 -85994.0 10089.0 30189.0 0 0 
148 0.7403943538665771 -0.00019174069166183472 0.0 0 0 0 0.0 0.0 0.0 -85994.0 10089.0 30189.0 0 0 
149 0.7454259395599365 -0.00019174069166183472 0.0 0 0 0 0.0 0.0 0.0 -85994.0 10089.0 30189.0 0 0 
150 0.7504279613494873 -0.00019174069166183472 0.0 0 0 0 0.0 0.0 0.0 -85994.0 10089.0 30189.0 0 0 
151 0.7553865909576416 -0.00019174069166183472 0.0 0 0 0 0.0 0.0 0.0 -85994.0 10089.0 30189.0 0 0 
152 0.760561466217041 -0.00019174069166183472 0.0 0 0 0 0.0 0.0 0.0 -85994.0 10089.0 30189.0 0 0 
153 0.7653937339782715 -0.00019174069166183472 0.0 0 0 0 0.0 0.0 0.0 -85994.0 10089.0 30189.0 0 0 
154 0.7703919410705566 -0.00019174069166183472 0.0 0 0 0 0.0 0.0 0.0 -85994.0 10089.0 30189.0 0 0 
155 0.7754149436950684 -0.00019174069166183472 0.0 0 0 0 0.0 0.0 0.0 -85994.0 10089.0 30189.0 0 0 
156 0.7804467678070068 -0.00019174069166183472 0.0 0 0 0 0.0 0.0 0.0 -85994.0 10089.0 30189.0 0 0 
157 0.7853975296020508 -0.00019174069166183472 0.0 0 0 0 0.0 0.0 0.0 -85994.0 10089.0 30189.0 0 0 
158 0.7903990745544434 -0.00019174069166183472 0.0 0 0 0 0.0 0.0 0.0 -85994.0 10089.0 30189.0 0 0 
159 0.7954604625701904 -0.00019174069166183472 0.0 0 0 0 0.0 0.0 0.0 -85994.0 10089.0 30189.0 0 0 
160 0.8004913330078125 -0.00019174069166183472 0.0 0 0 0 0.0 0.0 0.0 -85994.0 10089.0 30189.0 0 0 
161 0.8055052757263184 -0.00019174069166183472 0.0 0 0 0 0.0 0.0 0.0 -85994.0 10089.0 30189.0 0 0 
162 0.8107011318206787 -0.00019174069166183472 0.0 0 0 0 0.0 0.0 0.0 -85994.0 10089.0 30189.0 0 0 
163 0.8154697418212891 -0.00019174069166183472 0.0 0 0 0 0.0 0.0 0.0 -85994.0 10089.0 30189.0 0 0 
164 0.8204858303070068 -0.00019174069166183472 0.0 0 0 0 0.0 0.0 0.0 -85994.0 10089.0 30189.0 0 0 
165 0.825458288192749 -0.00019174069166183472 0.0 0 0 0 0.0 0.0 0.0 -85994.0 10089.0 30189.0 0 0 
166 0.8304696083068848 -0.00019174069166183472 0.0 0 0 0 0.0 0.0 0.0 -85994.0 10089.0 30189.0 0 0 
167 0.8354523181915283 -0.00019174069166183472 0.0 0 0 0 0.0 0.0 0.0 -85994.0 10089.0 30189.0 0 0 
168 0.8404731750488281 -0.00019174069166183472 0.0 0 0 0 0.0 0.0 0.0 -85994.0 10089.0 30189.0 0 0 
169 0.845482349395752 -0.00019174069166183472 0.0 0 0 0 0.0 0.0 0.0 -85994.0 10089.0 30189.0 0 0 
170 0.8509888648986816 -0.00019174069166183472 0.0 0 0 0 0.0 0.0 0.0 -85994.0 10089.0 30189.0 0 0 
171 0.8561446666717529 -0.00019174069166183472 0.0 0 0 0 0.0 0.0 0.0 -85994.0 10089.0 30189.0 0 0 
172 0.860511064529419 -0.00019174069166183472 0.0 0 0 0 0.0 0.0 0.0 -85994.0 10089.0 30189.0 0 0 
173 0.8654587268829346 -0.00019174069166183472 0.0 0 0 0 0.0 0.0 0.0 -85994.0 10089.0 30189.0 0 0 
174 0.8704972267150879 -0.00019174069166183472 0.0 0 0 0 0.0 0.0 0.0 -85994.0 10089.0 30189.0 0 0 
175 0.8755066394805908 -0.00019174069166183472 0.0 0 0 0 0.0 0.0 0.0 -85994.0 10089.0 30189.0 0 0 
176 0.8805506229400635 -0.00019174069166183472 0.0 0 0 0 0.0 0.0 0.0 -85994.0 10089.0 30189.0 0 0 
177 0.8854787349700928 -0.00019174069166183472 0.0 0 0 0 0.0 0.0 0.0 -85994.0 10089.0 30189.0 0 0 
178 0.8904612064361572 -0.00019174069166183472 0.0 0 0 0 0.0 0.0 0.0 -85994.0 10089.0 30189.0 0 0 
179 0.8955183029174805 -0.00019174069166183472 0.0 0 0 0 0.0 0.0 0.0 -85994.0 10089.0 30189.0 0 0 
180 0.9004507064819336 -0.00019174069166183472 0.0 0 0 0 0.0 0.0 0.0 -85994.0 10089.0 30189.0 0 0 
181 0.9054548740386963 -0.00019174069166183472 0.0 0 0 0 0.0 0.0 0.0 -85994.0 10089.0 30189.0 0 0 
182 0.9104454517364502 -0.00019174069166183472 0.0 0 0 0 0.0 0.0 0.0 -85994.0 10089.0 30189.0 0 0 
183 0.9155051708221436 -0.00019174069166183472 0.0 0 0 0 0.0 0.0 0.0 -85994.0 10089.0 30189.0 0 0 
184 0.92043137550354 -0.00019174069166183472 0.0 0 0 0 0.0 0.0 0.0 -85994.0 10089.0 30189.0 0 0 
185 0.9254603385925293 -0.00019174069166183472 0.0 0 0 0 0.0 0.0 0.0 -85994.0 10089.0 30189.0 0 0 
186 0.9304440021514893 -0.00019174069166183472 0.0 0 0 0 0.0 0.0 0.0 -85994.0 10089.0 30189.0 0 0 
187 0.9354479312896729 -0.00019174069166183472 0.0 0 0 0 0.0 0.0 0.0 -85994.0 10089.0 30189.0 0 0 
188 0.9404456615447998 -0.00019174069166183472 0.0 0 0 0 0.0 0.0 0.0 -85994.0 10089.0 30189.0 0 0 
189 0.9454636573791504 -0.00019174069166183472 0.0 0 0 0 0.0 0.0 0.0 -85994.0 10089.0 30189.0 0 0 
190 0.9504451751708984 -0.00019174069166183472 0.0 0 0 0 0.0 0.0 0.0 -85994.0 10089.0 30189.0 0 0 
191 0.9554624557495117 -0.00019174069166183472 0.0 0 0 0 0.0 0.0 0.0 -85994.0 10089.0 30189.0 0 0 
192 0.9604372978210449 -0.00019174069166183472 0.0 0 0 0 0.0 0.0 0.0 -85994.0 10089.0 30189.0 0 0 
193 0.9654631614685059 -0.00019174069166183472 0.0 0 0 0 0.0 0.0 0.0 -85994.0 10089.0 30189.0 0 0 
194 0.9704420566558838 -0.00019174069166183472 0.0 0 0 0 0.0 0.0 0.0 -85994.0 10089.0 30189.0 0 0 
195 0.975461483001709 -0.00019174069166183472 0.0 0 0 0 0.0 0.0 0.0 -85994.0 10089.0 30189.0 0 0 
196 0.9804482460021973 -0.00019174069166183472 0.0 0 0 0 0.0 0.0 0.0 -85994.0 10089.0 30189.0 0 0 
197 0.9854540824890137 -0.00019174069166183472 0.0 0 0 0 0.0 0.0 0.0 -85994.0 10089.0 30189.0 0 0 
198 0.9905216693878174 -0.00019174069166183472 0.0 0 0 0 0.0 0.0 0.0 -85994.0 10089.0 30189.0 0 0 
199 0.9954297542572021 -0.00019174069166183472 0.0 0 0 0 0.0 0.0 0.0 -85994.0 10089.0 30189.0 0 0 
200 1.0004398822784424 -0.00019174069166183472 0.0 0 0 0 0.0 0.0 0.0 -85994.0 10089.0 30189.0 0 0 
201 1.0054779052734375 -0.00019174069166183472 0.0 0 0 0 0.0 0.0 0.0 -85994.0 10089.0 30189.0 0 0 
202 1.0104384422302246 -0.00019174069166183472 0.0 0 0 0 0.0 0.0 0.0 -85994.0 10089.0 30189.0 0 0 
203 1.0154871940612793 -0.00019174069166183472 0.0 0 0 0 0.0 0.0 0.0 -85994.0 10089.0 30189.0 0 0 
204 1.020442008972168 -0.00019174069166183472 0.0 0 0 0 0.0 0.0 0.0 -85994.0 10089.0 30189.0 0 0 
205 1.0254743099212646 -0.00019174069166183472 0.0 0 0 0 0.0 0.0 0.0 -85994.0 10089.0 30189.0 0 0 
206 1.0304276943206787 -0.00019174069166183472 0.0 0 0 0 0.0 0.0 0.0 -85994.0 10089.0 30189.0 0 0 
207 1.0354647636413574 -0.00019174069166183472 0.0 0 0 0 0.0 0.0 0.0 -85994.0 10089.0 30189.0 0 0 
208 1.0404348373413086 -0.00019174069166183472 0.0 0 0 0 0.0 0.0 0.0 -85994.0 10089.0 30189.0 0 0 
209 1.0454494953155518 -0.00019174069166183472 0.0 0 0 0 0.0 0.0 0.0 -85994.0 10089.0 30189.0 0 0 
210 1.0504395961761475 -0.00019174069166183472 0.0 0 0 0 0.0 0.0 0.0 -85994.0 10089.0 30189.0 0 0 
211 1.055464744567871 -0.00019174069166183472 0.0 0 0 0 0.0 0.0 0.0 -85994.0 10089.0 30189.0 0 0 
212 1.0604355335235596 -0.00019174069166183472 0.0 0 0 0 0.0 0.0 0.0 -85994.0 10089.0 30189.0 0 0 
213 1.0654995441436768 -0.00019174069166183472 0.0 0 0 0 0.0 0.0 0.0 -85994.0 10089.0 30189.0 0 0 
214 1.0704514980316162 -0.00019174069166183472 0.0 0 0 0 0.0 0.0 0.0 -85994.0 10089.0 30189.0 0 0 
215 1.0754506587982178 -0.00019174069166183472 0.0 0 0 0 0.0 0.0 0.0 -85994.0 10089.0 30189.0 0 0 
216 1.0805437564849854 -0.00019174069166183472 0.0 0 0 0 0.0 0.0 0.0 -85994.0 10089.0 30189.0 0 0 
217 1.0854747295379639 -0.00019174069166183472 0.0 0 0 0 0.0 0.0 0.0 -85994.0 10089.0 30189.0 0 0 
218 1.0905349254608154 -0.00019174069166183472 0.0 0 0 0 0.0 0.0 0.0 -85994.0 10089.0 30189.0 0 0 
219 1.0954999923706055 -0.00019174069166183472 0.0 0 0 0 0.0 0.0 0.0 -85994.0 10089.0 30189.0 0 0 
220 1.1004798412322998 -0.00019174069166183472 0.0 0 0 0 0.0 0.0 0.0 -85994.0 10089.0 30189.0 0 0 
221 1.1059846878051758 -0.00019174069166183472 0.0 0 0 0 0.0 0.0 0.0 -85994.0 10089.0 30189.0 0 0 
222 1.1109883785247803 -0.00019174069166183472 0.0 0 0 0 0.0 0.0 0.0 -85994.0 10089.0 30189.0 0 0 
223 1.1155214309692383 -0.00019174069166183472 0.0 0 0 0 0.0 0.0 0.0 -85994.0 10089.0 30189.0 0 0 
224 1.1205275058746338 -0.00019174069166183472 0.0 0 0 0 0.0 0.0 0.0 -85994.0 10089.0 30189.0 0 0 
225 1.1255826950073242 -0.00019174069166183472 0.0 0 0 0 0.0 0.0 0.0 -85994.0 10089.0 30189.0 0 0 
226 1.1305394172668457 -0.00019174069166183472 0.0 0 0 0 0.0 0.0 0.0 -85994.0 10089.0 30189.0 0 0 
227 1.1356489658355713 -0.00019174069166183472 0.0 0 0 0 0.0 0.0 0.0 -85994.0 10089.0 30189.0 0 0 
228 1.1405584812164307 -0.00019174069166183472 0.0 0 0 0 0.0 0.0 0.0 -85994.0 10089.0 30189.0 0 0 
229 1.1455285549163818 -0.00019174069166183472 0.0 0 0 0 0.0 0.0 0.0 -85994.0 10089.0 30189.0 0 0 
230 1.150507926940918 -0.00019174069166183472 0.0 0 0 0 0.0 0.0 0.0 -85994.0 10089.0 30189.0 0 0 
231 1.1554503440856934 -0.00019174069166183472 0.0 0 0 0 0.0 0.0 0.0 -85994.0 10089.0 30189.0 0 0 
232 1.1604502201080322 -0.00019174069166183472 0.0 0 0 0 0.0 0.0 0.0 -85994.0 10089.0 30189.0 0 0 
233 1.1654658317565918 -0.00019174069166183472 0.0 0 0 0 0.0 0.0 0.0 -85994.0 10089.0 30189.0 0 0 
234 1.1704790592193604 -0.00019174069166183472 0.0 0 0 0 0.0 0.0 0.0 -85994.0 10089.0 30189.0 0 0 
235 1.175485610961914 -0.00019174069166183472 0.0 0 0 0 0.0 0.0 0.0 -85994.0 10089.0 30189.0 0 0 
236 1.1805801391601562 -0.00019174069166183472 0.0 0 0 0 0.0 0.0 0.0 -85994.0 10089.0 30189.0 0 0 
237 1.185457468032837 -0.00019174069166183472 0.0 0 0 0 0.0 0.0 0.0 -85994.0 10089.0 30189.0 0 0 
238 1.1904923915863037 -0.00019174069166183472 0.0 0 0 0 0.0 0.0 0.0 -85994.0 10089.0 30189.0 0 0 
239 1.1954569816589355 -0.00019174069166183472 0.0 0 0 0 0.0 0.0 0.0 -85994.0 10089.0 30189.0 0 0 
240 1.2004797458648682 -0.00019174069166183472 0.0 0 0 0 0.0 0.0 0.0 -85994.0 10089.0 30189.0 0 0 
241 1.2054438591003418 -0.00019174069166183472 0.0 0 0 0 0.0 0.0 0.0 -85994.0 10089.0 30189.0 0 0 
242 1.210463285446167 -0.00019174069166183472 0.0 0 0 0 0.0 0.0 0.0 -85994.0 10089.0 30189.0 0 0 
243 1.2154808044433594 -0.00019174069166183472 0.0 0 0 0 0.0 0.0 0.0 -85994.0 10089.0 30189.0 0 0 
244 1.220451831817627 -0.00019174069166183472 0.0 0 0 0 0.0 0.0 0.0 -85994.0 10089.0 30189.0 0 0 
245 1.225475788116455 -0.00019174069166183472 0.0 0 0 0 0.0 0.0 0.0 -85994.0 10089.0 30189.0 0 0 
246 1.2304487228393555 -0.00019174069166183472 0.0 0 0 0 0.0 0.0 0.0 -85994.0 10089.0 30189.0 0 0 
247 1.2354729175567627 -0.00019174069166183472 0.0 0 0 0 0.0 0.0 0.0 -85994.0 10089.0 30189.0 0 0 
248 1.2404823303222656 -0.00019174069166183472 0.0 0 0 0 0.0 0.0 0.0 -85994.0 10089.0 30189.0 0 0 
249 1.245483160018921 -0.00019174069166183472 0.0 0 0 0 0.0 0.0 0.0 -85994.0 10089.0 30189.0 0 0 
250 1.250497579574585 -0.00019174069166183472 0.0 0 0 0 0.0 0.0 0.0 -85994.0 10089.0 30189.0 0 0 
251 1.255946159362793 -0.00019174069166183472 0.0 0 0 0 0.0 0.0 0.0 -85994.0 10089.0 30189.0 0 0 
252 1.2605657577514648 -0.00019174069166183472 0.0 0 0 0 0.0 0.0 0.0 -85994.0 10089.0 30189.0 0 0 
253 1.2655186653137207 -0.00019174069166183472 0.0 0 0 0 0.0 0.0 0.0 -85994.0 10089.0 30189.0 0 0 
254 1.2704613208770752 -0.00019174069166183472 0.0 0 0 0 0.0 0.0 0.0 -85994.0 10089.0 30189.0 0 0 
255 1.2754895687103271 -0.00019174069166183472 0.0 0 0 0 0.0 0.0 0.0 -85994.0 10089.0 30189.0 0 0 
256 1.2804615497589111 -0.00019174069166183472 0.0 0 0 0 0.0 0.0 0.0 -85994.0 10089.0 30189.0 0 0 
257 1.2854619026184082 -0.00019174069166183472 0.0 0 0 0 0.0 0.0 0.0 -85994.0 10089.0 30189.0 0 0 
258 1.2905254364013672 -0.00019174069166183472 0.0 0 0 0 0.0 0.0 0.0 -85994.0 10089.0 30189.0 0 0 
259 1.2956392765045166 -0.00019174069166183472 0.0 0 0 0 0.0 0.0 0.0 -85994.0 10089.0 30189.0 0 0 
260 1.3004605770111084 -0.00019174069166183472 0.0 0 0 0 0.0 0.0 0.0 -85994.0 10089.0 30189.0 0 0 
261 1.3056583404541016 -0.00019174069166183472 0.0 0 0 0 0.0 0.0 0.0 -85994.0 10089.0 30189.0 0 0 
262 1.310532569885254 -0.00019174069166183472 0.0 0 0 0 0.0 0.0 0.0 -85994.0 10089.0 30189.0 0 0 
263 1.3155028820037842 -0.00019174069166183472 0.0 0 0 0 0.0 0.0 0.0 -85994.0 10089.0 30189.0 0 0 
264 1.3204660415649414 -0.00019174069166183472 0.0 0 0 0 0.0 0.0 0.0 -85994.0 10089.0 30189.0 0 0 
265 1.3256280422210693 -0.00019174069166183472 0.0 0 0 0 0.0 0.0 0.0 -85994.0 10089.0 30189.0 0 0 
266 1.3305270671844482 -0.00019174069166183472 0.0 0 0 0 0.0 0.0 0.0 -85994.0 10089.0 30189.0 0 0 
267 1.3355505466461182 -0.00019174069166183472 0.0 0 0 0 0.0 0.0 0.0 -85994.0 10089.0 30189.0 0 0 
268 1.3406908512115479 -0.00019174069166183472 0.0 0 0 0 0.0 0.0 0.0 -85994.0 10089.0 30189.0 0 0 
269 1.3455226421356201 -0.00019174069166183472 0.0 0 0 0 0.0 0.0 0.0 -85994.0 10089.0 30189.0 0 0 
270 1.3505356311798096 -0.00019174069166183472 0.0 0 0 0 0.0 0.0 0.0 -85994.0 10089.0 30189.0 0 0 
271 1.3555243015289307 -0.00019174069166183472 0.0 0 0 0 0.0 0.0 0.0 -85994.0 10089.0 30189.0 0 0 
272 1.360579490661621 -0.00019174069166183472 0.0 0 0 0 0.0 0.0 0.0 -85994.0 10089.0 30189.0 0 0 
273 1.3656835556030273 -0.00019174069166183472 0.0 0 0 0 0.0 0.0 0.0 -85994.0 10089.0 30189.0 0 0 
274 1.374467372894287 -0.00019174069166183472 0.0 0 0 0 0.0 0.0 0.0 -85994.0 10089.0 30189.0 0 0 
275 1.3774042129516602 -0.00019174069166183472 0.0 0 0 0 0.0 0.0 0.0 -85994.0 10089.0 30189.0 0 0 
276 1.3805592060089111 -0.00019174069166183472 0.0 0 0 0 0.0 0.0 0.0 -85994.0 10089.0 30189.0 0 0 
277 1.3855583667755127 -0.00019174069166183472 0.0 0 0 0 0.0 0.0 0.0 -85994.0 10089.0 30189.0 0 0 
278 1.3905820846557617 -0.00019174069166183472 0.0 0 0 0 0.0 0.0 0.0 -85994.0 10089.0 30189.0 0 0 
279 1.3954477310180664 -0.00019174069166183472 0.0 0 0 0 0.0 0.0 0.0 -85994.0 10089.0 30189.0 0 0 
280 1.400418758392334 -0.00019174069166183472 0.0 0 0 0 0.0 0.0 0.0 -85994.0 10089.0 30189.0 0 0 
281 1.405524492263794 -0.00019174069166183472 0.0 0 0 0 0.0 0.0 0.0 -85994.0 10089.0 30189.0 0 0 
282 1.4104392528533936 -0.00019174069166183472 0.0 0 0 0 0.0 0.0 0.0 -85994.0 10089.0 30189.0 0 0 
283 1.4154529571533203 -0.00019174069166183472 0.0 0 0 0 0.0 0.0 0.0 -85994.0 10089.0 30189.0 0 0 
284 1.420414686203003 -0.00019174069166183472 0.0 0 0 0 0.0 0.0 0.0 -85994.0 10089.0 30189.0 0 0 
285 1.4254603385925293 -0.00019174069166183472 0.0 0 0 0 0.0 0.0 0.0 -85994.0 10089.0 30189.0 0 0 
286 1.4304547309875488 -0.00019174069166183472 0.0 0 0 0 0.0 0.0 0.0 -85994.0 10089.0 30189.0 0 0 
287 1.4354522228240967 -0.00019174069166183472 0.0 0 0 0 0.0 0.0 0.0 -85994.0 10089.0 30189.0 0 0 
288 1.440502643585205 -0.00019174069166183472 0.0 0 0 0 0.0 0.0 0.0 -85994.0 10089.0 30189.0 0 0 
289 1.4454634189605713 -0.00019174069166183472 0.0 0 0 0 0.0 0.0 0.0 -85994.0 10089.0 30189.0 0 0 
290 1.4504096508026123 -0.00019174069166183472 0.0 0 0 0 0.0 0.0 0.0 -85994.0 10089.0 30189.0 0 0 
291 1.4554753303527832 -0.00019174069166183472 0.0 0 0 0 0.0 0.0 0.0 -85994.0 10089.0 30189.0 0 0 
292 1.4604158401489258 -0.00019174069166183472 0.0 0 0 0 0.0 0.0 0.0 -85994.0 10089.0 30189.0 0 0 
293 1.465449571609497 -0.00019174069166183472 0.0 0 0 0 0.0 0.0 0.0 -85994.0 10089.0 30189.0 0 0 
294 1.4704468250274658 -0.00019174069166183472 0.0 0 0 0 0.0 0.0 0.0 -85994.0 10089.0 30189.0 0 0 
295 1.4754509925842285 -0.00019174069166183472 0.0 0 0 0 0.0 0.0 0.0 -85994.0 10089.0 30189.0 0 0 
296 1.48050856590271 -0.00019174069166183472 0.0 0 0 0 0.0 0.0 0.0 -85994.0 10089.0 30189.0 0 0 
297 1.4854516983032227 -0.00019174069166183472 0.0 0 0 0 0.0 0.0 0.0 -85994.0 10089.0 30189.0 0 0 
298 1.4905157089233398 -0.00019174069166183472 0.0 0 0 0 0.0 0.0 0.0 -85994.0 10089.0 30189.0 0 0 
299 1.495445966720581 -0.00019174069166183472 0.0 0 0 0 0.0 0.0 0.0 -85994.0 10089.0 30189.0 0 0 
300 1.5004127025604248 -0.00019174069166183472 0.0 0 0 0 0.0 0.0 0.0 -85994.0 10089.0 30189.0 0 0 
301 1.505446434020996 -0.00019174069166183472 0.0 0 0 0 0.0 0.0 0.0 -85994.0 10089.0 30189.0 0 0 
302 1.5104539394378662 -0.00019174069166183472 0.0 0 0 0 0.0 0.0 0.0 -85994.0 10089.0 30189.0 0 0 
303 1.5154244899749756 -0.00019174069166183472 0.0 0 0 0 0.0 0.0 0.0 -85994.0 10089.0 30189.0 0 0 
304 1.5204246044158936 -0.00019174069166183472 0.0 0 0 0 0.0 0.0 0.0 -85994.0 10089.0 30189.0 0 0 
305 1.5254628658294678 -0.00019174069166183472 0.0 0 0 0 0.0 0.0 0.0 -85994.0 10089.0 30189.0 0 0 
306 1.5304622650146484 -0.00019174069166183472 0.0 0 0 0 0.0 0.0 0.0 -85994.0 10089.0 30189.0 0 0 
307 1.5355310440063477 -0.00019174069166183472 0.0 0 0 0 0.0 0.0 0.0 -85994.0 10089.0 30189.0 0 0 
308 1.5404846668243408 -0.00019174069166183472 0.0 0 0 0 0.0 0.0 0.0 -85994.0 10089.0 30189.0 0 0 
309 1.5454630851745605 -0.00019174069166183472 0.0 0 0 0 0.0 0.0 0.0 -85994.0 10089.0 30189.0 0 0 
310 1.550468921661377 -0.00019174069166183472 0.0 0 0 0 0.0 0.0 0.0 -85994.0 10089.0 30189.0 0 0 
311 1.5554542541503906 -0.00019174069166183472 0.0 0 0 0 0.0 0.0 0.0 -85994.0 10089.0 30189.0 0 0 
312 1.5604794025421143 -0.00019174069166183472 0.0 0 0 0 0.0 0.0 0.0 -85994.0 10089.0 30189.0 0 0 
313 1.5654656887054443 -0.00019174069166183472 0.0 0 0 0 0.0 0.0 0.0 -85994.0 10089.0 30189.0 0 0 
314 1.5704543590545654 -0.00019174069166183472 0.0 0 0 0 0.0 0.0 0.0 -85994.0 10089.0 30189.0 0 0 
315 1.575469732284546 -0.00019174069166183472 0.0 0 0 0 0.0 0.0 0.0 -85994.0 10089.0 30189.0 0 0 
316 1.580434799194336 -0.00019174069166183472 0.0 0 0 0 0.0 0.0 0.0 -85994.0 10089.0 30189.0 0 0 
317 1.5854647159576416 -0.00019174069166183472 0.0 0 0 0 0.0 0.0 0.0 -85994.0 10089.0 30189.0 0 0 
318 1.590463638305664 -0.00019174069166183472 0.0 0 0 0 0.0 0.0 0.0 -85994.0 10089.0 30189.0 0 0 
319 1.595477819442749 -0.00019174069166183472 0.0 0 0 0 0.0 0.0 0.0 -85994.0 10089.0 30189.0 0 0 
320 1.600473403930664 -0.00019174069166183472 0.0 0 0 0 0.0 0.0 0.0 -85994.0 10089.0 30189.0 0 0 
321 1.6054534912109375 -0.00019174069166183472 0.0 0 0 0 0.0 0.0 0.0 -85994.0 10089.0 30189.0 0 0 
322 1.6104755401611328 -0.00019174069166183472 0.0 0 0 0 0.0 0.0 0.0 -85994.0 10089.0 30189.0 0 0 
323 1.6154680252075195 -0.00019174069166183472 0.0 0 0 0 0.0 0.0 0.0 -85994.0 10089.0 30189.0 0 0 
324 1.6204493045806885 -0.00019174069166183472 0.0 0 0 0 0.0 0.0 0.0 -85994.0 10089.0 30189.0 0 0 
325 1.6254799365997314 -0.00019174069166183472 0.0 0 0 0 0.0 0.0 0.0 -85994.0 10089.0 30189.0 0 0 
326 1.6304724216461182 -0.00019174069166183472 0.0 0 0 0 0.0 0.0 0.0 -85994.0 10089.0 30189.0 0 0 
327 1.6354608535766602 -0.00019174069166183472 0.0 0 0 0 0.0 0.0 0.0 -85994.0 10089.0 30189.0 0 0 
328 1.6405317783355713 -0.00019174069166183472 0.0 0 0 0 0.0 0.0 0.0 -85994.0 10089.0 30189.0 0 0 
329 1.6454598903656006 -0.00019174069166183472 0.0 0 0 0 0.0 0.0 0.0 -85994.0 10089.0 30189.0 0 0 
330 1.6504502296447754 -0.00019174069166183472 0.0 0 0 0 0.0 0.0 0.0 -85994.0 10089.0 30189.0 0 0 
331 1.6554603576660156 -0.00019174069166183472 0.0 0 0 0 0.0 0.0 0.0 -85994.0 10089.0 30189.0 0 0 
332 1.6604607105255127 -0.00019174069166183472 0.0 0 0 0 0.0 0.0 0.0 -85994.0 10089.0 30189.0 0 0 
333 1.665471076965332 -0.00019174069166183472 0.0 0 0 0 0.0 0.0 0.0 -85994.0 10089.0 30189.0 0 0 
334 1.6709859371185303 -0.00019174069166183472 0.0 0 0 0 0.0 0.0 0.0 -85994.0 10089.0 30189.0 0 0 
335 1.6754498481750488 -0.00019174069166183472 0.0 0 0 0 0.0 0.0 0.0 -85994.0 10089.0 30189.0 0 0 
336 1.6804733276367188 -0.00019174069166183472 0.0 0 0 0 0.0 0.0 0.0 -85994.0 10089.0 30189.0 0 0 
337 1.6854724884033203 -0.00019174069166183472 0.0 0 0 0 0.0 0.0 0.0 -85994.0 10089.0 30189.0 0 0 
338 1.6904659271240234 -0.00019174069166183472 0.0 0 0 0 0.0 0.0 0.0 -85994.0 10089.0 30189.0 0 0 
339 1.6954638957977295 -0.00019174069166183472 0.0 0 0 0 0.0 0.0 0.0 -85994.0 10089.0 30189.0 0 0 
340 1.700507402420044 -0.00019174069166183472 0.0 0 0 0 0.0 0.0 0.0 -85994.0 10089.0 30189.0 0 0 
341 1.7054212093353271 -0.00019174069166183472 0.0 0 0 0 0.0 0.0 0.0 -85994.0 10089.0 30189.0 0 0 
342 1.7104411125183105 -0.00019174069166183472 0.0 0 0 0 0.0 0.0 0.0 -85994.0 10089.0 30189.0 0 0 
343 1.715409278869629 -0.00019174069166183472 0.0 0 0 0 0.0 0.0 0.0 -85994.0 10089.0 30189.0 0 0 
344 1.7204382419586182 -0.00019174069166183472 0.0 0 0 0 0.0 0.0 0.0 -85994.0 10089.0 30189.0 0 0 
345 1.7255170345306396 -0.00019174069166183472 0.0 0 0 0 0.0 0.0 0.0 -85994.0 10089.0 30189.0 0 0 
346 1.7304649353027344 -0.00019174069166183472 0.0 0 0 0 0.0 0.0 0.0 -85994.0 10089.0 30189.0 0 0 
347 1.735419511795044 -0.00019174069166183472 0.0 0 0 0 0.0 0.0 0.0 -85994.0 10089.0 30189.0 0 0 
348 1.7404556274414062 -0.00019174069166183472 0.0 0 0 0 0.0 0.0 0.0 -85994.0 10089.0 30189.0 0 0 
349 1.745417594909668 -0.00019174069166183472 0.0 0 0 0 0.0 0.0 0.0 -85994.0 10089.0 30189.0 0 0 
350 1.750452995300293 -0.00019174069166183472 0.0 0 0 0 0.0 0.0 0.0 -85994.0 10089.0 30189.0 0 0 
351 1.755418062210083 -0.00019174069166183472 0.0 0 0 0 0.0 0.0 0.0 -85994.0 10089.0 30189.0 0 0 
352 1.7604131698608398 -0.00019174069166183472 0.0 0 0 0 0.0 0.0 0.0 -85994.0 10089.0 30189.0 0 0 
353 1.7654328346252441 -0.00019174069166183472 0.0 0 0 0 0.0 0.0 0.0 -85994.0 10089.0 30189.0 0 0 
354 1.7706825733184814 -0.00019174069166183472 0.0 0 0 0 0.0 0.0 0.0 -85994.0 10089.0 30189.0 0 0 
355 1.7754192352294922 -0.00019174069166183472 0.0 0 0 0 0.0 0.0 0.0 -85994.0 10089.0 30189.0 0 0 
356 1.7804594039916992 -0.00019174069166183472 0.0 0 0 0 0.0 0.0 0.0 -85994.0 10089.0 30189.0 0 0 
357 1.7854523658752441 -0.00019174069166183472 0.0 0 0 0 0.0 0.0 0.0 -85994.0 10089.0 30189.0 0 0 
358 1.7904996871948242 -0.00019174069166183472 0.0 0 0 0 0.0 0.0 0.0 -85994.0 10089.0 30189.0 0 0 
359 1.795424461364746 -0.00019174069166183472 0.0 0 0 0 0.0 0.0 0.0 -85994.0 10089.0 30189.0 0 0 
360 1.8004193305969238 -0.00019174069166183472 0.0 0 0 0 0.0 0.0 0.0 -85994.0 10089.0 30189.0 0 0 
361 1.805483341217041 -0.00019174069166183472 0.0 0 0 0 0.0 0.0 0.0 -85994.0 10089.0 30189.0 0 0 
362 1.8104264736175537 -0.00019174069166183472 0.0 0 0 0 0.0 0.0 0.0 -85994.0 10089.0 30189.0 0 0 
363 1.815415382385254 -0.00019174069166183472 0.0 0 0 0 0.0 0.0 0.0 -85994.0 10089.0 30189.0 0 0 
364 1.820420265197754 -0.00019174069166183472 0.0 0 0 0 0.0 0.0 0.0 -85994.0 10089.0 30189.0 0 0 
365 1.8254153728485107 -0.00019174069166183472 0.0 0 0 0 0.0 0.0 0.0 -85994.0 10089.0 30189.0 0 0 
366 1.8304262161254883 -0.00019174069166183472 0.0 0 0 0 0.0 0.0 0.0 -85994.0 10089.0 30189.0 0 0 
367 1.835414171218872 -0.00019174069166183472 0.0 0 0 0 0.0 0.0 0.0 -85994.0 10089.0 30189.0 0 0 
368 1.8404545783996582 -0.00019174069166183472 0.0 0 0 0 0.0 0.0 0.0 -85994.0 10089.0 30189.0 0 0 
369 1.8454234600067139 -0.00019174069166183472 0.0 0 0 0 0.0 0.0 0.0 -85994.0 10089.0 30189.0 0 0 
370 1.8504197597503662 -0.00019174069166183472 0.0 0 0 0 0.0 0.0 0.0 -85994.0 10089.0 30189.0 0 0 
371 1.8554604053497314 -0.00019174069166183472 0.0 0 0 0 0.0 0.0 0.0 -85994.0 10089.0 30189.0 0 0 
372 1.860435962677002 -0.00019174069166183472 0.0 0 0 0 0.0 0.0 0.0 -85994.0 10089.0 30189.0 0 0 
373 1.865419864654541 -0.00019174069166183472 0.0 0 0 0 0.0 0.0 0.0 -85994.0 10089.0 30189.0 0 0 
374 1.8704204559326172 -0.00019174069166183472 0.0 0 0 0 0.0 0.0 0.0 -85994.0 10089.0 30189.0 0 0 
375 1.8754358291625977 -0.00019174069166183472 0.0 0 0 0 0.0 0.0 0.0 -85994.0 10089.0 30189.0 0 0 
376 1.8804206848144531 -0.00019174069166183472 0.0 0 0 0 0.0 0.0 0.0 -85994.0 10089.0 30189.0 0 0 
377 1.8854238986968994 -0.00019174069166183472 0.0 0 0 0 0.0 0.0 0.0 -85994.0 10089.0 30189.0 0 0 
378 1.8904516696929932 -0.00019174069166183472 0.0 0 0 0 0.0 0.0 0.0 -85994.0 10089.0 30189.0 0 0 
379 1.895449161529541 -0.00019174069166183472 0.0 0 0 0 0.0 0.0 0.0 -85994.0 10089.0 30189.0 0 0 
380 1.900418758392334 -0.00019174069166183472 0.0 0 0 0 0.0 0.0 0.0 -85994.0 10089.0 30189.0 0 0 
381 1.9054207801818848 -0.00019174069166183472 0.0 0 0 0 0.0 0.0 0.0 -85994.0 10089.0 30189.0 0 0 
382 1.9104194641113281 -0.00019174069166183472 0.0 0 0 0 0.0 0.0 0.0 -85994.0 10089.0 30189.0 0 0 
383 1.9155871868133545 -0.00019174069166183472 0.0 0 0 0 0.0 0.0 0.0 -85994.0 10089.0 30189.0 0 0 
384 1.9204273223876953 -0.00019174069166183472 0.0 0 0 0 0.0 0.0 0.0 -85994.0 10089.0 30189.0 0 0 
385 1.9254233837127686 -0.00019174069166183472 0.0 0 0 0 0.0 0.0 0.0 -85994.0 10089.0 30189.0 0 0 
386 1.9304239749908447 -0.00019174069166183472 0.0 0 0 0 0.0 0.0 0.0 -85994.0 10089.0 30189.0 0 0 
387 1.9354162216186523 -0.00019174069166183472 0.0 0 0 0 0.0 0.0 0.0 -85994.0 10089.0 30189.0 0 0 
388 1.9405243396759033 -0.00019174069166183472 0.0 0 0 0 0.0 0.0 0.0 -85994.0 10089.0 30189.0 0 0 
389 1.9454188346862793 -0.00019174069166183472 0.0 0 0 0 0.0 0.0 0.0 -85994.0 10089.0 30189.0 0 0 
390 1.950491189956665 -0.00019174069166183472 0.0 0 0 0 0.0 0.0 0.0 -85994.0 10089.0 30189.0 0 0 
391 1.9554569721221924 -0.00019174069166183472 0.0 0 0 0 0.0 0.0 0.0 -85994.0 10089.0 30189.0 0 0 
392 1.9604549407958984 -0.00019174069166183472 0.0 0 0 0 0.0 0.0 0.0 -85994.0 10089.0 30189.0 0 0 
393 1.9654362201690674 -0.00019174069166183472 0.0 0 0 0 0.0 0.0 0.0 -85994.0 10089.0 30189.0 0 0 
394 1.9704174995422363 -0.00019174069166183472 0.0 0 0 0 0.0 0.0 0.0 -85994.0 10089.0 30189.0 0 0 
395 1.9756875038146973 -0.00019174069166183472 0.0 0 0 0 0.0 0.0 0.0 -85994.0 10089.0 30189.0 0 0 
396 1.9804608821868896 -0.00019174069166183472 0.0 0 0 0 0.0 0.0 0.0 -85994.0 10089.0 30189.0 0 0 
397 1.9854378700256348 -0.00019174069166183472 0.0 0 0 0 0.0 0.0 0.0 -85994.0 10089.0 30189.0 0 0 
398 1.9904417991638184 -0.00019174069166183472 0.0 0 0 0 0.0 0.0 0.0 -85994.0 10089.0 30189.0 0 0 
399 1.9954204559326172 -0.00019174069166183472 0.0 0 0 0 0.0 0.0 0.0 -85994.0 10089.0 30189.0 0 0 
400 2.0004525184631348 -0.00019174069166183472 0.0 0 0 0 0.0 0.0 0.0 -85994.0 10089.0 30189.0 0 0 
401 2.0054845809936523 -0.00019174069166183472 0.0 0 0 0 0.0 0.0 0.0 -85994.0 10089.0 30189.0 0 0 
402 2.0104215145111084 -0.00019174069166183472 0.0 0 0 0 0.0 0.0 0.0 -85994.0 10089.0 30189.0 0 0 
403 2.0160391330718994 -0.00019174069166183472 0.0 0 0 0 0.0 0.0 0.0 -85994.0 10089.0 30189.0 0 0 
404 2.020423650741577 -0.00019174069166183472 0.0 0 0 0 0.0 0.0 0.0 -85994.0 10089.0 30189.0 0 0 
405 2.025834798812866 -0.00019174069166183472 0.0 0 0 0 0.0 0.0 0.0 -85994.0 10089.0 30189.0 0 0 
406 2.0304760932922363 -0.00019174069166183472 0.0 0 0 0 0.0 0.0 0.0 -85994.0 10089.0 30189.0 0 0 
407 2.0355451107025146 -0.00019174069166183472 0.0 0 0 0 0.0 0.0 0.0 -85994.0 10089.0 30189.0 0 0 
408 2.0404276847839355 -0.00019174069166183472 0.0 0 0 0 0.0 0.0 0.0 -85994.0 10089.0 30189.0 0 0 
409 2.0454530715942383 -0.00019174069166183472 0.0 0 0 0 0.0 0.0 0.0 -85994.0 10089.0 30189.0 0 0 
410 2.050416946411133 -0.00019174069166183472 0.0 0 0 0 0.0 0.0 0.0 -85994.0 10089.0 30189.0 0 0 
411 2.0557055473327637 -0.00019174069166183472 0.0 0 0 0 0.0 0.0 0.0 -85994.0 10089.0 30189.0 0 0 
412 2.060422420501709 -0.00019174069166183472 0.0 0 0 0 0.0 0.0 0.0 -85994.0 10089.0 30189.0 0 0 
413 2.0654661655426025 -0.00019174069166183472 0.0 0 0 0 0.0 0.0 0.0 -85994.0 10089.0 30189.0 0 0 
414 2.0704264640808105 -0.00019174069166183472 0.0 0 0 0 0.0 0.0 0.0 -85994.0 10089.0 30189.0 0 0 
415 2.0754237174987793 -0.00019174069166183472 0.0 0 0 0 0.0 0.0 0.0 -85994.0 10089.0 30189.0 0 0 
416 2.080453395843506 -0.00019174069166183472 0.0 0 0 0 0.0 0.0 0.0 -85994.0 10089.0 30189.0 0 0 
417 2.085421323776245 -0.00019174069166183472 0.0 0 0 0 0.0 0.0 0.0 -85994.0 10089.0 30189.0 0 0 
418 2.090426206588745 -0.00019174069166183472 0.0 0 0 0 0.0 0.0 0.0 -85994.0 10089.0 30189.0 0 0 
419 2.095688581466675 -0.00019174069166183472 0.0 0 0 0 0.0 0.0 0.0 -85994.0 10089.0 30189.0 0 0 
420 2.1005775928497314 -0.00019174069166183472 0.0 0 0 0 0.0 0.0 0.0 -85994.0 10089.0 30189.0 0 0 
421 2.1055169105529785 -0.00019174069166183472 0.0 0 0 0 0.0 0.0 0.0 -85994.0 10089.0 30189.0 0 0 
422 2.1105003356933594 -0.00019174069166183472 0.0 0 0 0 0.0 0.0 0.0 -85994.0 10089.0 30189.0 0 0 
423 2.11568021774292 -0.00019174069166183472 0.0 0 0 0 0.0 0.0 0.0 -85994.0 10089.0 30189.0 0 0 
424 2.120483636856079 -0.00019174069166183472 0.0 0 0 0 0.0 0.0 0.0 -85994.0 10089.0 30189.0 0 0 
425 2.1254725456237793 -0.00019174069166183472 0.0 0 0 0 0.0 0.0 0.0 -85994.0 10089.0 30189.0 0 0 
426 2.130558729171753 -0.00019174069166183472 0.0 0 0 0 0.0 0.0 0.0 -85994.0 10089.0 30189.0 0 0 
427 2.135498523712158 -0.00019174069166183472 0.0 0 0 0 0.0 0.0 0.0 -85994.0 10089.0 30189.0 0 0 
428 2.140501022338867 -0.00019174069166183472 0.0 0 0 0 0.0 0.0 0.0 -85994.0 10089.0 30189.0 0 0 
429 2.145487070083618 -0.00019174069166183472 0.0 0 0 0 0.0 0.0 0.0 -85994.0 10089.0 30189.0 0 0 
430 2.1506056785583496 -0.00019174069166183472 0.0 0 0 0 0.0 0.0 0.0 -85994.0 10089.0 30189.0 0 0 
431 2.155552625656128 -0.00019174069166183472 0.0 0 0 0 0.0 0.0 0.0 -85994.0 10089.0 30189.0 0 0 
432 2.160492420196533 -0.00019174069166183472 0.0 0 0 0 0.0 0.0 0.0 -85994.0 10089.0 30189.0 0 0 
433 2.165525197982788 -0.00019174069166183472 0.0 0 0 0 0.0 0.0 0.0 -85994.0 10089.0 30189.0 0 0 
434 2.1706721782684326 -0.00019174069166183472 0.0 0 0 0 0.0 0.0 0.0 -85994.0 10089.0 30189.0 0 0 
435 2.17559552192688 -0.00019174069166183472 0.0 0 0 0 0.0 0.0 0.0 -85994.0 10089.0 30189.0 0 0 
436 2.180476427078247 -0.00019174069166183472 0.0 0 0 0 0.0 0.0 0.0 -85994.0 10089.0 30189.0 0 0 
437 2.185497999191284 -0.00019174069166183472 0.0 0 0 0 0.0 0.0 0.0 -85994.0 10089.0 30189.0 0 0 
438 2.190542697906494 -0.00019174069166183472 0.0 0 0 0 0.0 0.0 0.0 -85994.0 10089.0 30189.0 0 0 
439 2.1954896450042725 -0.00019174069166183472 0.0 0 0 0 0.0 0.0 0.0 -85994.0 10089.0 30189.0 0 0 
440 2.2004830837249756 -0.00019174069166183472 0.0 0 0 0 0.0 0.0 0.0 -85994.0 10089.0 30189.0 0 0 
441 2.2054343223571777 -0.00019174069166183472 0.0 0 0 0 0.0 0.0 0.0 -85994.0 10089.0 30189.0 0 0 
442 2.210439682006836 -0.00019174069166183472 0.0 0 0 0 0.0 0.0 0.0 -85994.0 10089.0 30189.0 0 0 
443 2.215510129928589 -0.00019174069166183472 0.0 0 0 0 0.0 0.0 0.0 -85994.0 10089.0 30189.0 0 0 
444 2.2204678058624268 -0.00019174069166183472 0.0 0 0 0 0.0 0.0 0.0 -85994.0 10089.0 30189.0 0 0 
445 2.2254536151885986 -0.00019174069166183472 0.0 0 0 0 0.0 0.0 0.0 -85994.0 10089.0 30189.0 0 0 
446 2.230426073074341 -0.00019174069166183472 0.0 0 0 0 0.0 0.0 0.0 -85994.0 10089.0 30189.0 0 0 
447 2.2354753017425537 -0.00019174069166183472 0.0 0 0 0 0.0 0.0 0.0 -85994.0 10089.0 30189.0 0 0 
448 2.24044132232666 -0.00019174069166183472 0.0 0 0 0 0.0 0.0 0.0 -85994.0 10089.0 30189.0 0 0 
449 2.2454288005828857 -0.00019174069166183472 0.0 0 0 0 0.0 0.0 0.0 -85994.0 10089.0 30189.0 0 0 
450 2.2505879402160645 -0.00019174069166183472 0.0 0 0 0 0.0 0.0 0.0 -85994.0 10089.0 30189.0 0 0 
451 2.2554373741149902 -0.00019174069166183472 0.0 0 0 0 0.0 0.0 0.0 -85994.0 10089.0 30189.0 0 0 
452 2.260469675064087 -0.00019174069166183472 0.0 0 0 0 0.0 0.0 0.0 -85994.0 10089.0 30189.0 0 0 
453 2.265836238861084 -0.00019174069166183472 0.0 0 0 0 0.0 0.0 0.0 -85994.0 10089.0 30189.0 0 0 
454 2.270456552505493 -0.00019174069166183472 0.0 0 0 0 0.0 0.0 0.0 -85994.0 10089.0 30189.0 0 0 
455 2.2754554748535156 -0.00019174069166183472 0.0 0 0 0 0.0 0.0 0.0 -85994.0 10089.0 30189.0 0 0 

